$ANSIBLE_VAULT;1.1;AES256
36646164636636663731636330383463313538666462303137343531626136373465663132386135
6361343763653665353336333532303337363638636633380a666363643365343739313239306561
31326638653261656332323630393238633265333364396434663230386564396132343335646139
6639313263376366610a616433303333383331313962643738393734393364613837383733396639
35343062313662636130323234633736613634633730663531636464613265633566636537343431
32366363313833613436313533633366633639636165323038373239346334626334396532613666
64326638356333303737366139376137313133333632306134343037366137653066616636653430
34633730393037316633383432323538636137333263326235366165393331343230656361666639
32343738356562393035356138623061396162396230383165346130366164376162353631663064
64383535326134376334656539383735326632613333383932363132346562393434333139393537
33336261653237646233623330653133386262616135313939313664636465366565643931616135
32666562636166633265376662616633306234346537333730313737393361346464393965346635
35383632313461313936333539353161393735396430366263356363303738346430366332303562
32663964333765346637386362653936663035353939353462393230336563663730623839613437
61653837653430383232646332626566393236626532336635353363323032623262616432343634
31373434646538636265323539333037303262656263373934323134663836633933613030666131
33323961613038396162623832623835343137343030623230333066613930396539633031336532
63393034626135363430666162303265663638666433333634346532373166313761363835663032
61343337386333316363363263633432626563306639663361656135616666656262353864326339
63623334356165313638326433383762303934373666643866306566326633623861663363326464
64376135326664343533633264616635643866643631396262633239333339303336623961366131
33363563653734656538663834353735353731616133646533343337626637333566666262333433
31323334623239393865633239613839663130353230353536386339303037643133333739396438
33326232393734346633343031643337303263646639356566343437653238653164303133326136
37343235646639303136366262303530313732323661356537633565623931353462346233663663
63616636646165366139326466356635303231336339643762333530376232353033363761656466
31643638346361383562376366623532626164643138663734326164393166383339386335333664
38643266643265663538333764626666353365303333386636313964313531636166323766316163
38353565376264356161376336343666646236373831316330366235383536383863326266393133
64626537653463393331623437666436653461373036363364656636363962633961636334333565
64633464663661393235396664343932363561306662336337383834666133373736343265326364
33353332646365376164636438376361653565393761383131376166356133323233373934313537
37336639386137626539326564383461633565663338653662646436363231363965313866393039
38656563383632353834363730666366396635613266646132326335623439623137373530386436
39303635346462373834393530363339353134363431653037343165373762393736366261383433
36363135366134616135643131396662393236396333613635613737393334333735336563663534
31383664666532656566663237306666373232346164343366663761303437613236313566346432
32613965623266326533316332396635663433333030396362326539323938653161343666623466
30336262303130306535373836363365343438316339373439356235366336373365303064383735
61313737653933386436616437653739313539643437306131353366656531393932366138666330
61646166386535333534626532323434363337323838393130356663346461646364383438616431
33333938643839383537306435666366633365613065353032646230633661373861363863666634
31373336313961613064303265353631343533333632333264663638626665363563333063353238
31363166396439316430353163383966666565306462643436363030626234346633643937623034
32336439306663383930333661363365643262373631636235613737653562623065393134343761
36346339646137633436666365306532303834636135356666333335356637353066316633653339
31383861646562336363383838353932643366306430636239663433636231313831356231666639
62323237323131386137373439363863356632333963303064333036663231316665653032656332
66343765343931383438356239653933353338356366363538363762386163316630333666303538
61653930373364343638373463623666633135376166313365396263316637623361323735616537
36346162313361326263636436323230303639346434316563386338633866383666613831333138
32333763353161616661643036646463393633386463663930663234306330303234346263363336
62313135643831366161643538323864323038383539666136333538376132636461623164333162
30303237306632643762313362623632356539316362646638653230626663363232316434356434
38393239356464393231316366396538323634386234303230623637656431313963326561316138
65313233643136613436653439306161336364363463386239363363663066356233323834313032
62326432643238663962373763383662383763353761326535666461626466636636336361613232
62613661633265666636306533323235363865356138313961636539346366313439653538373831
64646235306334303936643031326532653035313130626632666262616263636563363963666465
64356663626334386538373931396432313231323265313234633762393130353362343565346163
39356533346566656162363763613665343066303636626133656630633265393261656166383962
66393339633735613434363962396566333631623030383862633532326335353439653932363036
39663161656138336234386639653035643234303537386263373332623434343733346339383866
30643430336330666331346264313366303463346562306432353066643365653437653538356439
63336334613066386563313032323364316263613861333562313436376566383638303934653963
33393766633033373761396439346339313163373361633262653230663766373465356231643432
65356331303336303436643763326166373766303039636438396338616133623531656230626565
32393137363939356236623632636665633633356565383931646464303737653866393136663338
65653332336238303761356138356237373033633736643832306133346662616138616639396666
31393030313762323232643866633137626161363232643863346165333934363038333561356532
30343766353161366631333138313161646464623036396439656363643235336234366566343765
32663438393733613833306236356163303337653236653665336663313638356439306437616639
64373162373031636563643330393332393764633961643561636165353166666634313864666262
34393263613237393832373238306630356262376338306234616362643563613031376465306332
37396334383633616435363165623835383232633634333463376236316330306332653762313837
61623065333361303633343561613666333836666139396335613930383838313464333736363130
66373761653230626536653364656233303965383562373761366635356166643361653965666563
33633434323831313336366464663532613135333339656261343334653063306539666138656637
63383637656431313931333664376435326637356133616530393364633631626363626331386632
65353064396435343030316138656664366135356665396430366239363465646630373531663366
31636462326138306565613565663137333634373439623236653138303230616661643230653532
35613338373034366534383566613939633134643865353864323831343861323031303961393739
32616533663837643736323164346239333131633861336231653830613233663965393834666138
37626661623361333738383833653864636636306330663863383431383039326138616339313362
61383365646537333637616331646131323633306232393939623364313831663461306535623830
34313332613539336632303037653037663461306431353632316534386361636636313064363866
37626334376565316630356333396135356330633135346564623865383463386566383835396233
35616533323834306330623938336635383635636364633038616230356166613432646463653831
34666265386466386661316239323063633065633532366633356465343165353662306163663661
62303262356662376338313332393636306366643434616361623837633637363538363533326665
36326334623334613632396337363433366631323361333761396239633938346562613762313634
36383064343662373836356333623738613431386262396531623535316232326235336131663865
65323961396466333033623737383331666130653764636362616664653864613036306362623366
34373564366662323834656232323866373664653563373263346261633436386130643930663464
31646461353161383039636562306462323536353366333336333837313536623965346662646439
62333332616530336532303838656131313530343866636262316536343161303137656563356562
63613932623631303036316262326631343534383932666266653131333235646234373662396561
37386164316539626561663162643534343437663766323766653232646561623839633363626666
32366335623631653763346130636365623532396534636166333661643438313562396234636236
38623437366336326630616161613938623338316433643231353330323138613737663662623137
63646133646562316665393732353130323565633834663633383364366335333766663039343264
65326436666263336238313432643231383937316439393531313536366331646537663035636533
30316462666664343361613364616235336631353436613939386332313361333361346534663033
34383536333365373565383964646634633866356633393934353064313762356466383138313061
33396237353030386439306366386132356130636531653036366262656664353937316332666665
32323131353839616462616461643461633135633862313538666633663165653734366163306265
36623366653035303663336663663833393034366435383636356564623561366537373635396135
66323366393135636664653865663339383663343365353162666630313638356136346530326663
30363539353636393335663139653235643837653834383864643634653637643762313035656137
36343336663535333337643931313761643862323439336639376564396165656136343762663234
63656661383665333937613036333339383331393738313239613861626436383765383465373061
33373439376365653865356537613237656530663464636430623361613663613035613836643239
61356163373931393539643035646262366162666336623232343161646261383135373961373064
36336633343938386332353830306461656134333938333430646164666331613762376461376531
66306538646166393932633039323266633766383362653033356130666430626234613964353732
35643738303563383339386133653333383632643561316336303731383862373266663630663739
64666631303661366537313863336633326631343965333636396664623533336536633930313836
30306263353431663266316565613665613165356665333035353938646432633863636537343933
62396532643132306435666232326332303934393933336330623134623932333832353737373036
36653434343265353130363365393434626366633632343635656239633138373131363763356535
36366538303237363533326233316366643566656431383631633263653036336431636635303634
39653561353663646234613765613262373937333563346330316331336339303638666630383138
64616634316638316666653435373861333837643432616435353566313530656131336232656665
33346361643431333766356262623734323863356262636638616430386361643136656430336261
65623636326464656236636263383730373736366337373339663338653234336532363965376232
39343837326433616364643939373766666136353163343737643864306164633437616330636536
32643430343136303665623536373931623462333136613264656633363565656162663064393333
66343761313431663139313265663532333430616365633137623839383638386535643538383837
32313234323261333063363739623333396234313436383961333036363736363139316165616563
64363264633138646264353231633665656335333638626435653934323865323335636435353734
64393562653333396337363334383933326330646238643262656632663964653466623166356362
33663932666461393337373433363031613833313336313164643734393638613661373932323031
34616663306465636138363566383562613637373064353436653562656262303665343837366631
39373562336437666661613831373535353634353130353630396235303038643238343366643937
33313330323937646632343836333531643665326566656236343232653134386536323430373630
31653365373037623065336438326438386165336532353139623639343930633332386130623836
34353639353037323864353761336639373332353061646134613764326137346239323831353535
32663137613765333437303637323961333363646666306663383338336464623264393330623232
33313961653233346438343032363936343764633731336461613966653134333832613839303164
64636165663530653264613534643034393235613461623262343130313261386364323762343737
34663037636138393064333332646662326332396139333430643434626464343663356564323630
36363131376430326534323064373366356637646633643339656537633963313536363031373435
36616638353265646334313865653765363831343534666534326337653036323564623237343836
38613963613065376666626239313436323934386330316630393464333939386130396161396162
66623764636131613165306535633265613764663830373761323632363737633039313730316661
35363334316337396137623266383835353937333465636430343338663239366561613234643839
39643437616138336363346262343137623132363933373630313766336235666131666331653733
33646263346363343036373430633631353233313763353334343139373139656330386331376363
63663238653233306365363434346565613335346666366535333339356238613633666231643235
38353439326161376465373039323761626461373961373666323332353734326335636332636639
34326438383832343839353364363730306238646636386639613163643532313934386266633633
39313137363331373938646432376430663338663639316431323632616437343736326637326437
36633137393665626139653533663930393931626432383463333537386564356236393333353331
63646236376537353130383637366631663131623038643338616461393361613939393134373836
34343233666634353162636261653336636163666465643730633935396139643738313738383335
31613837393364633461353337323939346238333936613061356430623732623038363665346433
33633539613132306532656438353331306565316132326539656630396662373439636434336565
31646534393839336338613861363739653436336538623364333835643663646334373138326231
64643636666237396231623837666133643064336164623561396666303461613762616339323938
64366362363832356238346133363661353436613034343866383338316164616336643733616562
62366465323930396333306530336635333035383638343665353330643930633338623961613966
33363632313539353330633233646238613430666563653233366638356265616136653336343564
39363235623764643336646634346539616361653335643333663936316464616636633634343536
66343062383433646465373766386432343362323230363264343962356638346231323333656366
39343738633865306162373035393361323231623362323863343437383232326237633364316163
64373235363431633938633837343863363766393432633839396139653563353135393261333930
66333937313038313966636462633937376535326234386265333136313036336634313238343661
34646638326263393363396535303737346232643833393731373335343234313131623364663532
37633735323066616661356665336535346363663633626233386666323564336439313163663834
62643966353664343561636439373138333135333037653636336361336333393862336632353038
65393031626566393364616239633331303661393965313561616236653331376263626262343463
62396433656136376266633630336138326538613662326361383362626263353238383564343537
63343836663532383534656133343533376233313934623734353438616435643839656564303738
31393539623566623666386639646466356266373632626462663866383365303434363365666533
37393439376436333863393661303136313336313966366331383065356237363339313336663466
32323962373062636264313665623833613063363332613866393036663934666231323430626135
33626530386338356437306664636461666463396464643735396230653631303461393831633565
31326136313239303636386639396535356237313531333766636665353565393064393763343562
34386336346235363232396631666534313630393832336530323165356163396231376636646334
65313563613738326137336563646136383462383138613034386235633135666230316264643539
37343161326166316363303036373365643139326561623034653537323564393934303131336637
61396561616332636338386131636466326136383763346631373765613435356331363566366235
63666464653331386335343036363431373736356539316638363439343938303431306632643366
66626533323764623636613761663066323435373366373432353035356161643733393136663837
62383332313835633337623332353963363832333638643835386535623964343765643762346130
66313832346439313335376333383835346662636132626337646633343834633165346630646231
37633465313633643233663463633862393765616461626361666664343261663365346437636661
63313536306432636261643162343630643435646561336137616133366630343233333735633934
36333865663663333733386139646633393538373832656332353063376463633138306434616530
63633362383731623935316561616533653832393163376535353666353738613134363537373566
34613534343861623133343465306461666564376431626639333735383063623636376238326435
37303466343534366137323065326137376334383635393731326565613433313432663130303164
65653065336532336637313365373263633234323364343363383138333135333261656133343262
34363362613566633831333234306138306465396439616639613064313166303462386463366363
35303734663435356665383635633462373031333032383632366366336363613332623637313936
64303466616639366163366461656439356365646565393537623533326638303965353633383436
35383339643363636535393432353931323030373534396562373138353838333636343564306566
36326663633531626438356539646539613134306434336335336237616462666334626566336164
34643234376230303163383237366439396561386539636565316635376133646132396164366233
36633033613035393763626532613861383234633433613666623432386536623863613166306135
36373336363337303839396534356664363238623832636233313437646236366563333930363937
39326530306363316561386535656232336335366630363734393035643364626561393635353262
65306537613662616537336563333832326565653532343166633263646364336664323666616465
38383764643765356334643436313762346238656133383961363638623731633630383835313132
61346463313533646261616562356165386434356361313031653165333064666134396238633236
62653435636435396530323534303938303636303465383366386336343762383265353962636661
37633733306233356366303465613039633764656661353862623735633434393164353038306437
37663161336334333664383466396537666431343231303162613434326531343434393965373866
66363064373934363332396436303264616335373665616436663034623231303239363536306132
64636232653032343339333832343736373430383539643630363234613462383566623835393566
36396231396433323131656239663038623566656138363761393933366665316562373366363139
32353061373236313666346439646533376332363362373330356435393361663837333832616164
63313266336262333933346432656632316631313534633465303062623331653434333830313337
34356335346461363461376665323031333764306166396566343434343861353036313438616233
38383137306165353838346635646435623666326638633838303931643363326139393135346561
32636363643738306161366631343239323732616462663362346465656132633736653861356337
31613434306162343263623765396465626162316635376265623636343031666535646534383864
33373363353831626236303639613730633861636339663938656134626564646637333066303963
38613362386630643864643931363236393633363834333564326565663763653736353563393266
38366362623935363563363138333762383832343839363466306161663035333466393739366135
62363138353163636536383562613865323632316338623166346366333438383934376563386533
31383864353438653739373437343661643162333737336638646638653734376433613561386530
32356633623332656164316235306337633131316134616139613630363665366438323463393764
63356539376139613033366637306232623234663535626439316436356338346634313931373435
30356366643132326438336333356566653932643234356562366431323330643533633339373937
38643634383738623833613131383365393733356436653063376264313661643066356336323436
32316265366638623934373264343165323435663635336636623332653439366539383965616262
36663438653236346637663436623332386439653762356634633330643033363732653938636334
64346161323366653639643565356561653134653765316263333665336631663864653462656562
65393133376535336439616438653837613635346432396331643330336432636630366535376534
31613836666537316438643264633635366532653133333461343838393664313965373066303336
39616131623134396234366362633836663266656433666565313135653865636163613262326663
39613833326130356435393365643736343439326338313536323566366336306465303662353735
35323131653033393133643238656638333633383139353436363362333465306430376332616438
35393662353639626533323031353362383664623436663639663332356532356464666561643836
35613161643331613934303030653232336234306532623531303635656134623964353634383535
38353738646232623532356530613138306633663966353832626537343561663766323764633666
37393432646439656363303061643836633132326531373434376230303236323338616364616538
62333732646535343261393534623230333930653833383162303133313361393837643062643337
31383664326665373537623534643064393637393966363838656364653035323561613230326533
66376366366162316561396632356430613866326538393434323334346137666537316630623964
30306434663839643366366238346565396537616439393961383962343266366162306432386233
39633934366539333233393235616336656334316631383035383736626539393463366330643531
37376562383665616333396165363037613061666365386633313533333635363862363532393334
33616332343461353061643566326436373434646536616533336236376261363536353834383664
30343837666363333261333735633832353235373166623832633665653937356438616439383738
33316535643166396439643462646465316537653664303635313532653034386639303039383431
66636431393633373565343032623761643031656639326164333761623735623336343733663235
65616563376162363235666663393836656462613663636564323839323065656235396463333864
64316535333065663131663462636531366563383061393561396665373065383837336630366338
38653935383035656630383436613331373365643137376131373765343863376635633634343634
32653235373362376632386237313636323239373664393939373034626437643961663733323631
63303936303563666238646366663838646263343561356531663139376363646131366164363261
36363634383637643366653232333636626639643163386630623230653864393361616661613234
32633435653035326237376461373634646430323232373030356436313335616665343533663266
63353232303434616133323139653661383865303663306130616366316539343339643435306330
37653337623736653436313031666435323630336638313735383566336533316135643234383561
64313265363765363239623839346637646363643635336562386236303238663037663564393134
38653936306366396664333430656163626536633039353238656238366130393261636362373834
63336366656530356666633362653966383865303836303431313937653465653834343032643036
65303837653662306135333631323534363231353462343561636437663934376464393661363465
35373362396565383264663762366166653431376237653265313031313064623566393532373161
63656264336431373837623031646532663535396536353634356463353166383539303334323536
39333864643838373238313735306365636435393964366637373864396434613332376363393534
33396234393764393635313237373034666538326261396238326235366561303039663134643761
64306262363266386665323433663538343033373662383434663237343464656134626231393765
64616436653364643031613961623134616235333838323865306236386533613261666266393033
31636139376233323766346232343633376133633461626463366531363537653631373665643266
33373965303930653963393337643239333036623639383638343130356434643966323638323436
38393062663633396161636434643836393762646363663563646665353834303830326337653335
37643132373061333635623535633762376339623362663531333265653039313138626566623833
66336664323266366262643366656639346439376664656661383063653832383636383365386561
64656364323632343536386631313836383232663436666661363931653431616136363738373335
62343930303938623565643133323961363862353766313536663563303361653931613131653662
65376635323866633330333964303437333535386136373162383437613964383434373265633435
37316264313563386539306665393763643661663734623066353633313564363966623464303838
66656338663630303662653134643866633538376665633138333934383730646330646433343936
63396331653563663065366364616239393838373861383237636530363264333432306435336163
64643261316664356461666435313832336437323230613336663133623666363665376164363338
63356137363965373561646663626132323063616663353832373863623262316563643531633361
61633165383139346663316663333431353466373763643737373963616464346230643963626637
35366237356533666633336538646564353866303165366630393839306166353137353633376566
61373663393765653361346330636335366536336239356639646531633761613230363731356463
35613762346463636564306230356331633962613037356537333630653634646230663166386635
39313331663939373062353537353261353061383532363462316262616261343833643633316466
38356664323130356539666163626664616333383931373534346334316132376566633662353235
38643134323531366631303965613332373034383738636233643732636366383931613661356331
35326236326639346161323264303562336265353639313430356137326131376630653438313737
61313465336435363461323333646461323435396262376566353135306130346162356136626632
32663639633430313237306333343162663731613161323861353839633633303932636163666235
62396133376663356162633761616661303337633966353239343834643964633762356262396634
33663332643766616439633761316366626562623731636664333862346630633239343965326438
66393133653130376630646630356134366338316335613462613361376631353936633832343638
65633536353934316661326632396164656633323262643037623030303835646262643234666231
63386531643462306337663537623263366136346264376133386534363062613063323434356431
33383635613337633936393532323433353837653533306664333033376338323634383362343137
34376661366262363436353631323663666561323131363563383030303731626434396438356138
34656231613637343566626234353665393461353035383934643363353231386431376336343963
36343362653839323539383039373033353661346362633434303132643230626331626539393838
36633036323331383336333630383134623233623337323736663439656439643235613761666339
61333834613537643130333038643134336362663834323437613737386566663936386534396133
31306534613239343662626562393832393339646538393833363762623030356533613638303534
39326165626330376238363636616531346332363362623261346239643066373931653637373431
32643236633466363362636164633263346336643237366338326536306137373637616135303632
35323731643165323239333262613630383737303132653564396635326237366638333338666462
30343962663236363539653862666535633165396566623861326634633731303965643963313833
62653132386231626339393532363638323064656465626436626563326531326235613663373538
37666462336133306536373264306666396130613766373433666232326532333036333661313133
34323339383330326262333836663062616561323534356137646163316236336537383239663634
66333966643566356135396463373438613638363164343830386231666330306163666237323864
36383339396661383038636662333362663934396162653338366234336164396135653037396661
37313264346231633561303634396662616566616438613937346434356265653739386365313131
63336631623838396436386230303636396665653766373536623264353835353936636335613936
33626531373239633361306432353034356462386530633637646132396562643361376466333137
62383630393665383930383734626533363534316237616163353234313338373438363931623934
64323038616331346638356136623732303166326161323364343464616533356437626237663732
39303336396230633761376135356636356338346530323132303865363864343666356661636235
38626162626138376139616235353933623163353334623061353766383439313833326366663331
36313331383334336137636161373337306131623532373238313862633835306161616261373864
37633662303364306434333834353361383331323938653562303962333431643630653966643730
39383539303262643266356632323531633937306462333838356334363934316539653433656539
66613964666337383461653130326137303234653834333237626562646361623065653037343965
65656635343437653432333262666261353230363637313233623966353465653762663863303561
36373239326236363132633837653237363034646664633739613161303635383039343738336136
38306135653362326564633832653431376331666435643830396230366634633763326634326638
38626231633566663963653662663834316263303230316230323335636432363261663738386134
62666234393333633134616363393834623130333039363833613364383931326534623332393433
31633830333033383665636337363431626565656636326263373135636136376662393531336430
65323438306336616232383035616531303362646464363561626164373131633231343565366339
39373266663665306335303036393533366639633863343365653765656466626362636236656638
31326665663065353432396134393361336634323134653164386165303938623639343630323438
63373530663965363066666564303863666661613232363031333535393639653139356134333037
31303365303731303166363133643066376636363232636632313966623439343832626532316334
61313062386339396633623366386432666238643364653461373738303665653737653165336666
61623962386261633864646531376436663530623035343530396633646333356266383531653536
62643539666433376132393536643861373966663264376531636266636138316466346663323161
35656438376263653332313831336236313931393962663764333866353334343061303165393966
35386237646566386162306238616639386632383431633330613062373339663734333763383864
37646134346163396264383036643266376537656531616632386330346333373635653661613665
34356132366130393932396561393233363261613461663161343765383563313530396363616538
35663461386134646162653730326663326131346235386362633630636337323134613432346639
63396433383763613764303865653263636436343331373066363836313930326137333939373532
64396332653338396630323864626663396133376562613662346439303830376263346161313662
36333033363365306366653865663433353664373931663663313162616166653733613062656161
38386561346663366461376539666336346230643033393865323037666363666332623530343662
38306438386630393937333132353461623366613662383064303666613739343066613236313733
33363761626139356537363531636236643163633833336338613538633835376539326633633534
61393637653330396439346265323837393564396534326236633834343562663761373630303530
66376164353530653933316361643334313436303363653335633364653130653536653135643364
30326662393765366536306634663835363335333937643364666239613933613634623163666330
37356165653735623835383833636261326630393632656138643364343965326134636263653465
66313263316238646464366661393739623365663038346338303935316338373331303439326431
31623531616462353233393234333562323630633435636366616433626365643634396334376530
65373435393230303434373561653733623831653139633635353639633962373739643564346561
61643537626361623937333532343631323131396337326566366635663161653430326231376435
32636565656638386263333866636166356666656232323439343063616365353861383336633837
32613262623733623139396163336537383263316532623032646234336366336430333039313731
31643361646263643065373637373261343931306564333064306663646461386462626164343262
62306535396564643539353665623462303335613339353438643833333531316330336536623233
37663062353930633034396131323862376130636465626461623938663566313635653731623733
61643062313363363239346561343866613730646533386166646139383538313330626634333331
30316562303134386163343535656439656632353662323761316434303134303837656162353438
38356466393133336363366561616434633139373862353666386331353863656262326665656335
62616632636630383362333031653064643466363066313636326462656333623238656461373433
37613137306261663166653339306633636131663538323732343138323436393633663262343132
38356263626661333830623236643233303939663466366462623261663566313136636636333363
63306631313339653634663534653033356537333432623536343063333433306634666134383939
35326537383462646463643639326639373466316134353939326332376634656132616234313139
32363235613162346636656636303566326263356566393062393030653163376637343833313037
38613232643133316663643435366433633762396330616238386632386431616331643134663061
38653666323666663565633031336635373662383539663230393266613861383762643139393732
31383935316166323337356139343035373835626333303535616664313566343832343735636337
32343739386666333963663766653565303139643237616539313664303231633262396232356636
61626463393363306432636336666362326562626234623537393630393063376437366430393461
35386561396564383231663762396630626139333365663636656134646633346564366637316430
39623035363963633333303165313762646637326535313730343436326535303236306336383838
39313432343266396134643934626336313638373332643964376661616465633661373731386638
38646235623735376338633563393831393039623936663263663166336637333332366435396632
31616433643761613730663532326465626438646334373365653232623737643362613033653531
62633631393533303838633334373933383731633762646637383265666563666639303135363561
36386161646539366662633730633365313664633163343835303362383666623539373436653636
31313663623934313061313466323037343265366533343165323037333162303937326163333934
64346435626239313330353962623134646330626638303363323938366365356532393133313165
65363438326530316134376666313439663666313730313537623232376332353234343038663133
65393863303738383164346539333133373062643938316561356536343934643461393365396133
64363039313462616235373966346665616231623830376566376636313265656231373435356437
33656563643839353564613434386235653531393764323066613465366261363964313235313965
34393437396336386634303666633466376338353661633063623163376265653234313736626266
61383966303637313339663633356564626534386462666237636364646162336531616163663464
36643632313365383339613331363934666662386235363961393065373639653235613765653763
38383236646162343134653764393835303137393237636431363066353330363261306630383439
65666439623330613137343564316437366333613265653563356161363830666433393435663263
64346162613066663363363335306462636539303566306363313765343866303732353138616264
62323333333664303265623965636234353864303137626266333062643865643062323666663163
63333064643733353331386665323033313433303537316330363533336466363639663964363032
61633232383733306532313462346266363965626233663164386265613234313937663638383637
37623334663563306636353962623564363138393766326665633865343138336338643036353035
32343234393338323061626463373066623131376666326639353437376136373635633665336562
66373561346538333864653163346631633364303135643761393065333865343137636632616631
31616135306263623863653236623261353238626362343738356639313061646239353863653466
38666266616630303532306666333136623532363362643161323466643339343166373131336439
64663066653330333366636132643635643939363463323830333364376434353337626462663236
32353761646230373963666137663730383038393833336232313632393832303231353366376538
39313337633363383835386466383237346430306136623764373764323865663066326135643331
31393562363735373930306262326433656266316339326330616361333035643665636637326137
34666165656136656131323365646232333438376138386538333139313566643437313837316430
31386234346165343562616131373335643537333461643831353766333163623930393630626665
38366562303636623263633038303666616164633337646530346138303633663865343961373133
34303131613765366337326135333838646461643733393662623030333737386661303662363734
61316632643238383939373039623439383937313934333137303635376362333264393266393133
34376263616233393537613532653031323466656332616632393937366461356431643136323132
39343666303736636131376630653731383837613139303232383038613838643461323462323831
64396361633133306561626135613132643665623130326230326635303161633266636565363638
38363836343063643564626236653538323661393637396532393435636234316363336432363062
33353361313235643234386363376432333933616135666634663039313762646461613564326462
66346331303536653435363462663436613037366565646665623833646263643439646135653063
62646138353461623635396135623236623766393165323630343664643934376534323536356233
39663837376234313436393366316537656432323130356465313931343838636232363336653236
30393037346233643063313836353963313566343138643834663836613733383632343061333965
65346337376330346433343266316139383863323437653139323963356662333862376130376238
36623462613466333165313762393262306561336263303638353538613133666436393136303830
31633637646364656537643732313330303063313233636130356631353937626232346539353835
32326633636237343366663633333739633431343632363833396634343332373734636433393431
34303539393631383539653061333136363533666539666335326161313364323762323635616334
66326536626334386666373330363164653633306462366434356336623664643662363461623762
62653832363838383737393332643939393634313237616461336538353436376639663432383433
33313633306163383139343464346135633066333738613366323439316239616661666637643030
36636436346431666365613335383132656439393937343931376135326266303630323861323536
34306238326434303830316138326163333133636133616538306664616362313062396333383434
32373533393136366664363934616464333361383836366537613433383965666566316532356339
33373462643361646361336530323338646531643062343635303435623631313137653436653939
32303032333339613562333234333962333139626665323533333931353830626362343833386231
35353464313738633937666466346230333938323532363737373334646465636465633735313234
64316265623837643639646566646237623333356636386166356661626465393936666130306339
35343533666566323864373938646662636663363937303261343564353461376661376566323836
62356362313235383734323938613833303930643032393663626439666139626238303066633366
66633638356366663630333061393531393535643731616333633465346230333565656638323030
32363131336463646665316364343039613537326334393961616231333465373762306164643730
39396461356663333365316564306135353065343766373536356431336333353435343634386337
30636462633465386665653936366363313835626237643739666263666634363634306666356436
32613930306666336232336630666463366632333137653464366236373830333765356462356530
36356432373032636363626236383037333836306139653163346234383739383239376339326562
34333331613762333435373432663139313666383432313563386365316134363463663435613839
32663666346166653334343639613562313530313831313533393739646139323835343333343538
37616334336338393636313565346265653961626165636265623535343861666332303462393962
36613563343535343334633165313865363434353134653030643935313736333831363062363130
37316362356431383663316637303935313866333065666230393566323965366536613238626337
34316666323433333235313164626330306664333731613236343065356539303835646436306361
39353030656564613165303361376437333763386166653562653065646638356662643033663831
36366638646532336134373232383464316231393230613261643566316132633266633635373332
30616330356135623839656535623136633361323336616234363764616531306535326561633162
34343737363962393734643266303964663561393461356464323633616261663664366531393639
32333339616232343536333139323863623132373437356337326663353063373566666138323235
30366564626666616431366634333562623438326465383133396466366332333031623564613231
38616664643763663532616664333236333530663532336531623962303561336461333930646365
35323433356438323665306535643632346230343164343736613861373230323263613563333331
33323834353263346432353463366238363966383539383030663336306133366366663261623764
33633032636131386364336334373138303731663435383431393865316538623663616261626430
66316563363963666339333764303935386134343230316530346366306466313661323666333164
37343436303635373931306530623063373132363538343938366363396536306661653139323562
34396633656236356138633935633633353735633039636338643636383661653435326564333830
35363664353631353435393534373464323464353965303162356132613539623134376130313338
32343938623064316332626136363230386239393665313937303630656231393463643331323165
33323166376466663564383962623134623861333231663061363735343831393032393463353262
31343037323739636665326333653264636161323939626235336139333035393436323738613939
62323838383237333038333830626631306332306631306333643465356536646338356332373433
35323933383262613133386330313231373636613036666532313565393162386133306234323561
33613661386463386330363535393333333733396366396162666666613666316634323866643037
64313930623763383763663835663964303230333862616264366661333836623338646661633133
33663862393765303031636566343437376266346664643662333963643636343634653666616564
32313366326631643462616561626337333766313337386462653235393964333530393562353762
65353134353736383965616565373737306665363631646464313537636333373834613236363331
62393531346530333235643066633565643033373336633062363232393733663737346535343763
62626434336130613735626539636338396339383266633838303335376334653836326466663764
33653138666662636131323764393966636666646636383432303933646635336531393939366430
66623531653266326231363265383861316633313162333634333465376366363564326535373463
39303832613538376133616565636162323637326535326162343935383066306431336564383136
38396663396139363732313433323863626661636631333333363634363131363631336463356130
62386136366633613936663535623537343461333133303965393166643361316536343134313731
63306233616661333166616337363866373835656565616339356264373265643639333433613063
64373035383337626139343330626437623864363334383261653930396335376136346239633761
31653531656565316536313863353063323037663938363932303737323035373662376230333934
31646161383837306331626435356230343564313662666164643138336438393732633161396135
61346265333034623232316566626463316533616330656636646563623837363234353364303635
63623566363766316366353363616165633463363735346338643966393035306165383561343139
35396563393433653438623933343463616530656438623331636662653136626138333531393461
33646439366637333634396532626230623130623131613234366539343765333331663436373461
64333365386135346431333063653862613834393630346536343433313237636637396362396263
34616663613434613563323862303739646133656334636161363864623738653635343964323732
32616665316237663331346332333131663436393632313861383136336237626261653166323432
31396537626236353364316133643537333233613961323932376337376362643139333838326632
36343339613331643062323932666535353864313938663935313131376537656261383862336436
35376266333433353163326530316639333663633637666435396264643635363361616339376531
38346664393463346237316333363537383730363530666338613339343930653635336265393466
38386632393161323538636165653961653835383631386535636334646532643138326334323065
36303334323430643062613931343736636636353730346230663066663366363366333463643961
31663232303862666166306462316430333331383235366231316461356135373165666634383438
39376437663535643164656663353432616430316636303535663036323834646163373437623465
30303032343036643638373236643337656536383762636433393536303136656134363262313038
31346239663839363565613231353264373334653136653334373762326438646563333737623531
62373536393564343433393733353933383937643937643332333965366137623333383935316361
35373966306131356338346439613062643033346635353866356338326139306330643635346336
62636161316430633832313632653239396231323763353866336633316234653137663335303064
31383666346233303733623035623666353134643861663730363733643634646235626163316439
65656162326636653766366631643139313333646139323937613938653033346165656639303665
32656233383333613061646661333732316538396236643965353834386537653532666431386633
34313837356338663565656432303363303632313065336466393165353236636666303235326637
66383139373839346432616631666664653435386563626432663362383838643630663131306137
35616232653039316361306365366437646165613234633838666339316436623136623935396564
33313363616130366138613739366266653638323335383764663562616333396134623138613535
36646464613564613666383839653537336265626361623930343463366438663435646530396137
66636430646433303735383364383031333431633064383161616531313439626535313034616366
35346233333235306536393234653830383066356539333964646435313134353962613537666162
35326261653832313562376435663532356538653131306631653535313939323132333062653036
62623835306330643566356265626561663461653431616230383235626563633363653438373835
38626536363434663834326237383037356633626433336239353031323131333330356539616162
30373831306266393130303436306637353838316233383762383265393861383866626235363461
31346465323339353034303361666333646365333439356664396631633131323235613564313737
63656138333430326266393537656361393366306632366533323933373232323032613932343633
61646265636465393930383235306161633739626132333731333361396433343563636162313333
30626262373565316638343665623866366234393932343163373564383365663638323135626330
36663139633763633634646463306535353534313437393162623438663238303331393939393161
31373362643863303431323032313161663531623032323732326337366135363238643234343063
34663364343461663833323562616166303365643063363066373239323634666335363635623835
33316362613331363563363466326236303732333037646335383830383262313333633864373031
61623134643566366438393165653363393463343062646634373336383764656664653732366139
34343030663232656632643536393733303761346639333464633530336464373434313564316136
66653833663362323535613663396139653235653632613764633162336366373063366266366531
64656264623436303863303166323035316462663262653361343037613833333966653161373835
64373832373237333836636463353938343636363066393563613761663631356337313164353236
38353037386538323166356232313435323134646365613031316163306330346439333230303333
39333661326239376162316566333462366631313530363235333536313363386166626431376431
66633461613134313963353732353232373033353961633031313264343236623835643032616534
31383865373432633564633732633733323834366232306630366461366130393937653862623137
39316639353966383239616130396339626234366464373032653834326164303330633165656164
37393863613965663539303237626663333537616266343233373137303233663636663738366263
38333237306564366332386235326365373432306136303863303131623433396261646537643163
61626235613363373338333436393261623161303535343138316162633466643138353831306630
37633737666466333238623665353131616462363833366433373534626237306231386232343733
34363962626138313833346632636564343430623166356236343766343535306137366538366531
66653865616561636462643233306363366431393866616432633063663139616461363565646666
63356236626165626633636361363164323866616364616133383034613039363637353863373264
34313432663139386637366266376461316433373138343634363561363336386430633762396530
31323764323038313839393331343831363262366163363165386432626433386532663365316235
37653836633166353536633964306463373339336632313066643166336539653239346335663961
63616132343434626165343636303437383461336439623339313139386362636637346236353261
35636436633561396335343336383838343939303031323564323066303461393832346432316163
39623238663563306662633231616233666265623135313861363866623138636363373135613734
36656531333561383836323261356464396566663964313565663763326334386434646531343638
31373661323734646265323236316662373663396364396630326439346330663939613638646530
34326463393034656564623337323439373565356362363031383966303461653334303433346536
33343137663133393064373663303661356637393439343031303132336636303036396662643131
34666261623936303138383231363862336461613231393536633039626630336161383738356462
38643639653161383730666362343538353432353432613931336339366231343363353761383263
37663934616365373533383138383964663235613263646633383339346330633339316232626131
30363565323635353530366463396361666332323763633234376463303035663061393362353137
65396466623063643462376362396439363233383130323038653865663930633531386564333030
62313136313935316337656335623231633830356233323063646339656166326462373437313532
65333034393734643430363263326230383735383930376666363636396466316632313062663166
66313761373137363732333566616431383861616339633265333236383463636132653638353733
38386566383035383238366232616631393533363130353665346630626566353838323437393632
37306136613561646465633662313235363561656135383130653662316464633236333662373363
33373138326363306230633362633936393664396463363836383739353733646334356236623736
39366230626235363761376437613039383639656163376662333165336265313437613762623336
34636461626435613166333063643662346536613731313631633965623032336236356164336365
64623332616333323835633464626165326630303062613065393535663337656635393731656637
31363039333236323236396431643636633439313637346434353931663635626636323463666465
35363034313462663639633561336133373035643535393665396533653233396333376131653835
63656363666434353731636566336638376233313063353162386463396561616165666532333030
36613566393437613238386632633363386138656432316630393261663932633235363263373638
63316163393966303539383736306562376362316461396336663762653261623065366466346239
34346439623139626335663939386437303466643933333430343764666266623361383566353335
31663731633266393966363235343639376431636231336461346139643531363562646538663336
65393931313234316564326437663165396232363261303438363962303466663234633436316262
35366332383139613633316638643836633861613062343533336435363032653130653038306137
62656432386461376439333763636364343837613162663963323232623762623034613637396436
30653363393630646332643834633933626235613461326561373161376337306437303761396338
30393335646232376536656632643161323838626531343166306537643964646262373039346663
34613165353065323363636331343539646235303461316131336638653337353030343736666433
63626431313238363032366537366436656233323339376366306365653631313662303234306630
30323335656662316631323435376436613838303865626561656565373064346635383834343439
62393864343263313335333564363266326331633537653332353031306262373765666536366130
65383561393763343031663864353431306665393433323961616438343330396666366235663131
30383734306633656638636365323333663262616136616562663231613831393737386532656564
38643239343336633832346363393865336537303235613961316261646634353265353364313965
36363931383733636130633634373939646466303263383236626636373834646533613563376137
34323862356637613237623339363431383062643736383735363236346466396133633766303937
31653736366335663134376266393134303836316263333161613336626337613832363632376532
64386133323736303466393765333039373130303433373365356438373735623134306363346433
34306438633830303138646432303264363566653237613136366564613166316438616563386530
66333735356561333232646439326132343134623135663636396631363232633838333933633334
66663531656266396336336235393736373931303161333561393764353639616134623362333764
31356162626463323231363832353361343562326536626337636435366565323432613361393633
65643166313135666566393438633764663762336237323766376365353962396662303832366233
39626437336538633232633036353139626661353231353333346233393030613263646435396636
35383835613937326632613962373739333437613365306132356130636230326465613164366634
66313864313533336537313930313033343837356630313732653537636233323965633964346339
66623361313637396633353139313931323036346465303136393838666565653234336234386463
39346361633530633063633630653661636536316132333739386331313237666363326434626463
31386631356661323932313664626338366638646434373435656265386335346337616632623134
39333839326261386264653562613462396431643131336566646361353733613834303836306336
66346365633435373565643337366136363437383635643063393063326366303463316432366539
39346334646563336633396337616530346138653235653831663963363230376432626666363432
38313836363066383861663437383938343361316434373930333264323765646436633764353433
38666238303432383037353762633832663133383939353335376566633263386634656665616233
63393433323865656136336162393331326533383863306565313030323432313663663731363762
63316231646466653263393438323165613033633833343033326237386365313331363337663830
35393266633166656136613232326563616231323339643566383937353034616433346238386233
66656230376631363361346437623336323937643931393664656232376437303432666135343763
34636364656234363937636536336333366430386136323339646635366432333933343333363965
37653036376139316530353461643765393564653539343637643234646664613630643161613535
61323936623837396139366665656366366661646233383261356630663930333061326438656531
30336333666239303064386261306331303963343663653965656333643761643538626131313431
33313631353930383733383164633864353162373630653661386166313231383962633132363831
31663733353462356261666338363935613966383730623464366338383930333865653063363437
62363332666631646463343363613133343839396539646361633537386134373565666566616562
35343966383763303435376139306231646236323732656565356166386437656464613165363438
63303834333838636665623963656637333130623464323764613332316630316635313561333862
32383937616663393030366636613262383462623664653664346430623939326134303939663265
34306363633138396162306261613134383033393266656566356562643164366135316133316532
36303433643063336433326662663833623564303339303133653132373664353334666662396464
31363139346135653266633465393038616163316230616330343839303737623465353365643136
30363661643166333563306136626134303735353330393438396234613965323766386665646331
37636332313162373165313264346433356137376430626530373166633539316634333866656435
35346333353736323465343064326237623065333130333934663263346436373337306262643266
39396433656430353530306431353532366464356563616564313337393134313334653138346363
35323239303836353736643731626234623135643631376361623139623933343566636235303565
39336634613464633533366430656338336634663430366231373831623339356534353437303764
61373336653132626637383530663938646465303861396338366334623839383538646432653534
66363036303333383466313761313564306162633230373433633834343630623633666365613330
61303766363163303866613366303134303265326638346561343439363264633265303036656232
65616137613664393661383233376632666566363731326364633566373164613738373831316366
36386661646563343264333131323538313733623439303962643363376264643063316566633665
37633734386664323533396233303965613362306134633436366630343237353561333739373035
62386366386535626636396263636339393032376166353233613563306338633832313661656161
37396331663562353466643561613534633033653034363538363162393535653765326261366432
35316535623836323566656335373465613436613165346338626264373761343466333061326331
39353162356436366539303038336133626434373032373065373738323465373766316262386534
34396333353232336361323639616230316639346635646333303036343366373235613335356130
36323264323361646332613462633064393234316630383335656633613338653039333463656634
38626639396536393066386565303531623037353638353564353034653765333935313935623234
66376131393466633132633264393166366164633530346232383933613134383364633762623832
35386634336463656132646161396232323063663638376434363232366639386433636465303563
30356437376166376565323339633035333164376566346333643238653438356135306566343035
66646163623161323632366663343663363866613862646635376136343838393839316133336635
61383233313136343139343632356139356432666436336462356362323965346166623637346463
63346662376635396238336462303539646436613362333134313731313235333565313735616235
36323731656337353564633866303437613263346165613661396130623665643739613235373138
36643361306131393635643234356562303765343139396538656234333062633930623138316630
37343039626266666436316435646636323461643532303131316266393537616536343162623464
64323934376230313430323863396263383831626461363033343666343566333832323739363662
38363632656461393561373637643266323138303662333632613533303362666432316230323832
61343463393936646562366334366337356636663730333164386339656638663230
