$ANSIBLE_VAULT;1.1;AES256
64356137646134396534623761633066663830386663623762333333353738336339313034623235
6666613264353435336638373965636465383762636463300a306538313930623036306332326662
35663139393032393739353734396466356365363938326339663666613166616631653137356635
3563663736383763320a626362333637656534653638303536626233303139366636653736373137
64346538626537373433393132363834383839346336623235393033373237356337343362666362
37663938623662303634613663373361643130663435653363383138376464623434363363346139
32386135623162636631373030646632613838323232383134643866633334613463366437373763
36373136333066343234313962616138363537316539666137326464383630333331633263396137
32396561333430623465653366336138653937626231303764333963306461333737646166316464
65343963613062343962343635336462393434303966393464393733326634303236326561646631
34633464343733363334336530643335653330626436366335643735366433373835373363646564
34643033393234623465656462333033663361363363333337373266363362623836656264643962
31373239343363313161333032646363323238336166653436373436356637663064613561366235
33613961623661336434653965653539643337383935353132356538316238363036343539373939
63336632386337613966663263636166343830396337306362633233356138383565356662633536
39666662393834363361333734343637653234613266326462313333633766383966323064363930
65363266636639653265396561363166303263663762663566333666336633363139353164666636
65643464323863653062396332313862616339353062616339393262366366653934316134633264
34653832343238336635646533326562323533383530326539353136316634343062396532343736
37353338613665633737636434343731636333626361316332663131386632376436333637316461
61626332643565653261376462383063646534343639363236633432353165646632323939386163
39373561393764363734353364343863316338383139316631363233656561353938653565353534
39386235666531653239323533656665643731303861623263653635306431623961646331393733
30336463633864326438386139303635363761653732353566336430636165353337326464623732
36623564643636356638303530313332303463336239383363666537346133393831343333353262
30366137363563633635336364613734383037336361633930356239366332373034323537323964
31663333643935353265333239666337346261316334316332326263666665313564326335373836
31376135383862643861383963623161303439633735626230663161363562333737366230323139
64356238393339643532316362643830626665323933376331396265356663623566633166633066
37623264313431643939363132383636393961393431333862626661393831646430306138353937
64303237313839383833636233363135646262343266306166343837623330336265346166393930
33363565663033396430653738636535326266343162326639356231333033663530306465303262
64306436366361363331393833353263393130383830306238373161346332653630646666656537
38313164656630366338333935366534623434306133366239623635623862363031323561353033
33353031613562343837396561393733323866626361333439666361383132383032393639343433
66663036303039353638626234303066366431323862656230393035303338636565613632636538
33366361346365376364663732393663326161633063613465346432626231393630656634363864
63373663326530326235363233343363316661326338653839636638626365633631656363663936
35373634666663646664326330346230626239636665306330663338343466663366343232306235
34393436363434643064623332343838323361303434623037643364353737333532656534616637
66636266653131353933633935343232623065346130316139366364656330346264393263643734
39333764616439663131376239373061656230386630393163613432356131326237666134623238
34646463343133646136326161646339646433303837626130623639363337383132323566336561
61623137616330376437333133373561633334363733616530303735373366643239386237663365
66366364333333346263656465656666613033356437303765366535663036323932613833363765
31376163383865316637373336353232633665663636633966376439376365653064633866343561
65343531636338666436663062386264313930396564373632643338313764663232396565303233
33633366363965313761373866393133643236373630396165373435646639663130323838626137
32613962646531613433373231616534326334353162393763303435366535323161353039376138
30626633316538653961306132623536376163383932343535623032663036393565366266316564
64653763343865376363353265393532353034656665396162303066343932333335396437363437
34616465383662396339633137376539363262656165636334316634656633363134383862333661
39323662613239373663373833393435313339643763393464613065356337323837373738643831
34626538356135386636303132366630353839303061313637393634346464666232366562373435
38646439303236656562333739663435383564643238313137346430396132653765616166303365
36303730653162306339313062656639376634316166633531316164656539376263616632376163
34326130303732383661613363333066303235306232316661373836623431666362326132356465
64363830303137336136326136623338613734363064313538666466663462363431333635333335
31663832396231326334313130386366366166393131373461373639656164646339623861666332
34643230316563353831666138313032323331373938636332623534316633613237393637663835
61373634646138303232623234393132336235363764363964653933666530376237386538643739
63303335396165613633666439636333623965623633366430646438353238333032356639343565
37343133336334623937333131346630623134653734616361383130656665616235353636316335
38356661613061313561623766353763643961323738386265323861363366626338383135386466
31346432376663646431653562333838303939663034393665303738616262623765336634643266
33646362333164333432303061336666323639353433386166373731363138303461393733656137
61323466376630313461303534326636343839393033383939353363353630396232313066313931
35373939383639366162666132633238343061333035353134373137666161353864386237613838
65353539626134396439363666383362623030373139313962346661383236653234616461633039
34653661333763346530643364323934386664336664363061383530376432393765373031383661
31316238313861333463383833663462616363336361613165356263326435663965383230376663
39363866653835626437646333633238383433393761663462613762336632303535623731356664
31653462383939396134363565346233633165613961663164306262306434646163613038393632
61306130653766666464393962316638666239366235366462626339393038636135633864633638
63383632653330323365363238316165626633623934363438346361343635633731303930666433
64336639306533646336633432343733633166336633613437323365326563623765643432373264
33356163653837656537393664383637353763326466313161366562303633386163353230623931
39633233343464376235633363643865653865306266373066336138316566656363633863643839
38303136643166306464346236383337303262316361313363376231386339323335326638303430
35323864616437313938313532353938396630323337383264653134643537303963393639623833
39343065363932353932656434343739316430353238346434383563396161643564366162653431
30616136376537643131613837613061623964656437636135333064393239636534396535666536
63316439383538656562336236343862343736326536363362366565633965623037636539663533
63336164623137616663626632316536306236356534663631376634366330613035333362613765
61363936366261643461636538613732393339653731346461363537633739336337383035303462
65663930376165643037616434646430633531353030653864356362393037666339366661656534
32306464383530343539383936303934666137333336613763643731323465383334326336626565
66646266356330333864303032643262353261623166366263636134393232643965633230373932
64346163353639663832306536363039623865323634343234666639633765663362643530303831
64363566656337346462376265393030653765373631653335336661326330373462333166626239
65303535326538386363313166653366363830326432356139333234643865613162303766356638
39653166363339393538316136633935393035313938623761656535643163343530643661346138
33343034363862336663316332613337303437643335626232666231346437333661396430346536
62383332353135643538366436666462616230363561616363373663323763663634353337326535
30613637633664656162346565326533353839316336333030376336363736393566666565613031
33643937303930643765653134383363393131656230623738656332343139346638643935666335
66316335363330626633376661323165356136376531646165323536626631333562366331653930
66633232636161356263623562303361666639396561333834393064383836393363353836376164
63363632643939633533346138623839613934366337366162623166323937313835303630356536
30643035326536373363386462356266383364636635633163666236373838393063346133623765
66373938613538633962353035303762396535386163303438306162613839393530363239313464
39653836636361333438343230316365373837386138646430663162336532366632636438613161
61373130646562386664363763633530633663363364646132386431306664666638393233376539
63366563336239383435623936306630396566356562326537326264313866353538396130313931
32333437666534643933313861376637613739353334366139623561323638393363326135666631
65653665643865393736336566356334646165353931323835613166663231366532346162643430
30633466623539386134353732366364353538623139306631636666643965313662663962646534
61323539373962616631643761633437343532333936323266326565636132616563336330333838
35323738393563343562373530393966646365626339383536616462353334333536386361656338
36363139623439316534646365656263336433653862363138376265666139326330346137663333
31353864336231343462653736303032613432623330333634396366383965333563636337353336
65623832643665366564313837303465393239653437623139376262646663646139623264653935
35313562306636653338303536303831316561333863653239313232653432666264343264383965
63613037373264363734626230313931636265636335613537666238633561623733383666613763
65303931633763336636613063633833323731363438633933393833363232316666303238643631
33356133383038626232653165323662363564313064613264623232353465613031373031623431
66396233343739376236346135336139663762393536363033303437356665303362343432386435
36363039643531326266383738313836646366633838303133333239663939393964626165323564
34306537643032623862303430363065333062346430663936333366336261363636616663363132
34643933663631313537353362633631613961366166633438306135333266633862343065353932
33613861323364343734366663613131336532346333306336336230393564636163636539636235
63356637336663343936383463633064326431346130613032623739393838363637303139653163
34313563613062386365653638326431393130623063623136303933666631323531363563343962
65346636633964343437333766393633363563393939633664373036343132393064633362653430
36353737343061343566643663666138326139353539353539636633623764666537656437303133
62333839623637303731623635643235326462363662393162313436363530663730333739353865
63646161363339663133363932656233623131633936623761303735393836633533356466393937
33356231623163386132326263643237346635373331393465303733646664326335343832386332
36653166316234303439336337316637333935363263623238376461656363323034633337613964
33643166376635386632393637663134613237336663346363366139323261646439383539643031
34313034396134613437333133653264366165393562626165633634616337316338643063376665
39653732373536393732353532316231623663326234376333633430383735326365306164346666
66323964376662356433656633653365343733393039633930646264616663656366336230663835
34633835316137666332646366626535616665646632353731396232353338376562313630626566
383262653735373234306363333435353437
