$ANSIBLE_VAULT;1.1;AES256
34346335363333383132393531396536343832313964633034393236316332313930333033636163
3161336534386566383065633833613462323961353737310a643663386631396233643937643737
62376433363265373237363737613730393764396463393861313166653830333235646236623861
3564313637303134380a656132353738623834393334623565353434646632313338613631633462
66353866303065616234376236323763633963633263666536633033316261353766376235333362
66326130616363396464613937383238366466646535613531383864316633326632383939666638
62626337653931643131623038346236666236336662333930303363613239323134623630306138
30353338303932383065303133646661383434643233393166633839353730383464333233323065
36393162326163353836346662346561323036633666383334306234306461366130373935303137
36333537383334623238383238386232383937613063346434633334306362333862343737646634
36623930333831373763663934613934643563653761653437336561656464636366623361336164
38316633633266646537656232653932306138363039316665356166373333366364303365383161
34356234616163613834393435356464343834636361613832303731306336646464663531346539
38373066633165613661633030663438623533623036666232303564656566373033613263353537
33633634316334356566653861396530323865616633666163343433356365313431323639313635
66353533333237353062323965343462336231626430343134346536663563313566383266396663
39323431323261326636613166343739353965363063303239623235656137306135306436613233
63376664366334643964653732373464613965313433656265363361336638613864646635343239
65373337316461383461353766656531653738666363653938653763393437386364323061326432
33313230396363663566623431623163323533356166333230336534373863623861383430666137
36306135383734613463356530616139356335333865616663386462376165613761356135366637
65663963316566316165656331313434383966623932346362333637343536373338393836306130
32343835666535393631316433643663373864396362656332363636393161663362343562393233
30373563336339366364373065383630623065626337366330343661383931303238343562386630
35323135353037626564373863323363326665356336636262613734366436633630383662623936
32643361373661653566313830626138346433316635333766613635326265316666366237663934
30323238656238633031336665386631646631333864386230346637333730376337316666333939
37376333643735623237613436363538643537383932393166393839663065373330663532363332
30643832363166353764346331613435333730623064613664653331663332326631636536333566
34346132613038633632646431373338616165336435313966626462343035663039306162383532
66623631333465363135396537623432663034313338373032666638333435623332323862396666
62656535326331613733653164356161623862636632366530663862656133613735353061623566
33383036353533633763346430353634653830363466366236386465303665343366343239386531
38386531373162383434643037393433343231633635646437653837383835646537393339613931
33643633353538663331663930356138393837636533643261343865613565313133623131653538
30623834336335626432303466306331663961383439666366323264653533653438653437616138
34613261356464383133643739323130313336636332376339346434303963323230613731303630
37323735386265356130393931633035663466626434363935616366353261353566623736393936
63343432313031643965316566633735643435653864396333313730636562313834373233346261
35313139356663336136616537653934623234353666306636613562366364626664656335366437
66653437373635666233663933316261373966616462376665616532353664663032323061316232
34303231363330313963313562313364303331366538653531616634346630653363313436363533
61376534323239306365383064363963333930363437366639666266346534303637353664376430
31666432326530393130313139646339303862653639336334323037643236303162623831393737
63623063653230326264373462303765303964633565633035383039333730623932626663386134
63366232643463323931303163346231626264373432383435353930363161333337646665373932
31613561353561306437386539363433336561333832656461313131626234323932643436366433
35393738353932303639343239336466663962623837393137616533383632336163663237313637
31303461383635396636613664646666313533306239626134623032376661353135623163616361
34666563633561633630316664653263663330336635363462633563386134383036333766623661
63626136346664373335333266616262613563363233363861333435316162626137343163633763
38303533383935376538313935613461323165326263313063383333376566383937326430323535
31666535636535656437383738616332653937666537393836633638663637343663356332626663
61633635656236646138373562633734333366396362626136636130636661383165363632326362
37363434636237623962636639376434656130323833373038323262363837636630343630663939
38636464313639306439316239613130663031626235663063313639666338636234326334363332
39356463633861616136386163383633326130633539303130396338383463616263343238333836
38626232376361353137383032313837343037623138303535666665356362343735393364643232
35356166663766633561656664393739613261626366326231666262316636306638356330323538
34333463323561363134353337396266363134393661336662613265633830613638333837336635
33613539323330623738646461333136343836626335333564346132333762636463303562323938
31353836303564356261653166653039326130313665626635393961393563303138366566643332
33663638646331316533333038343731353338306134323538343839616234656531653738353738
31646637353766343465396132356534333063646236393864313539343131653365373964616232
37623336306437646533613364653463666632336137616463376636346337383239353230363334
61373366353861313833333530633266346362323066336433393530333536313863663733313636
36666335643438323633386630396364396432633032326131393535353830376464653662626362
64393935643763663531646336343935316261633030323963633237343830353734396565396663
33656565376363373834316433393835316138643637626137326432306339646139386336366133
65313332656535363537623863363731303637633735636335656537353065653831623532313430
31303966633464313330343532383066653666376330633433353530636263353361623635393663
61343462336563643964383166663739336535356539373338613263336530393036376331353038
36653131323432313330323739333662626666656239346565653662323635633831393033326337
37376262326631646334616334333031336563326664343533383762386362626266333561303337
62656566643138313136363065633932656236333964383930633435336666656138363861643535
66656364636435323839346264653231326439323037623238653834336531363963303363356666
62366139663338656530613739323535653434613764373536376331336130333062366131656138
64666233303537303839366333313363656463663639353031313330366436666362633332373137
62306631623164343534356139613865663861383962643761633637303630336330343634313366
36356262386331653834316233663964653366656135396364636332333965383365326432633235
61303638393131323334353635613661393232343332386338653463653939656435633832303534
31653732306464343532613264653366303931396565616363636661323631323330353664326532
31316638323931396161366634333631326334356430633538623731623437396236306637363638
38646264313438636334633763396635663465643235653337633030396236323930666435363861
66636432633137376434653335616335646436313265316366343632303766376138393634336133
62346361373066643738356235616536666331343162383034336534313762626135333538383866
35336537656436336536346238336264613336343864643961626661306633653136393363333938
32626666636231616338343166313236383432363565666238333230623862616538303930626665
61393432333331613033333736663065313163356166623263633333633266343063656231333434
33396138323834326564393637373334346330356132323236313630623231343862363738626532
38393037313163333136313736343561306663646331373134626463626166383932643533656661
37316438356439383364666230373433393864383733356666343138346234663564613630633632
64626165326361623163343564356138393733386635376235313633633532623361313339626439
35336335346537613730323838633862363336616539333862303533623234323930323139333933
61623762633835623535386439343433663063623738366464396362353334666434306161356433
63326665323134303066396535366365326362383932303730333639616135623733363365626234
65306637396635653366373964356531643538646233343136626533373033323930383430646232
32623762366663373534363737643837306534356139643966313965326630346664653634333236
34636236646639343262636237663365356639316438373132326364326164633133396630313336
30663133346662316234323337383536393866336438313266663036383763643036623734623464
33613730366535366561653661323734623465336263663666623965383131663164643735303632
61356664343162333534643430316566656231373361353831666163326431613431373031306334
30653234663730323536616234343866303936353164636230373764333638346538363931633435
62303265343535316632303833653836383964343033616434663430353131663232303965653865
30373364313636383337303430306534373333626435343663623838633562343331303661623436
35663431343361383738623635613066353334623539663364313033373663356632623864313535
33356534333762646139393138623565663131326663393131343236643136343839616630313663
33326562623234653837626537363965623934323265313831343531613131373134373231326132
37653461393064666133323634643732333538323931633431633734653362633264633862363366
32656436666437306531616330346163333435616433323837663466333938653661356531653234
65633033333234313035323730633837303164616132373761366462663234303634653636653936
39343863616232613839363563386331366136343138306330666164616237313535363666623664
34376538373564336639356331383065663839326464363536363337306238616632386566383361
31653235373234636564393235623562613138666265376635353335383265313339666533616635
61366165623530616161343235383737346162653865303638376430393465633662303836633964
31373562353534346538303637346162643731663436646532366234613736383036333161613739
34306537316466386264333134316639316361313630363562666365363232386639333265396239
61383637376165333639353262386135323966656639303039363034633231303033333965626163
37306166356136396135366634663134636334363934313337646465653534306335313438303436
64633033363133363239386238346630663033383364646132313663363036633635323563326366
34373737333066633031323432613264636539366439393365386438643164323136616130316462
30316362343935613932313637333331356137666130303432356435653236356438303136343536
66356333316166613862633232316332646630326137356463386661383834393739313332353139
64366237626437666139386261356431663031653465323464363331373635646239303831653331
35643539653434333337323664623664373366346364373939653466313361373935326539663831
35386564656639653863313239313363303464356235366362343739633435393937356163623739
35653364636533323735656238363264633932366336653766633738356139623831333835663137
35376532353136373562333231363034356431616137316465333535313430326564363861393334
65633064346632303762306434613136303361393961646237666433313434383335303633393738
39383530613533356335316139646435626539626134653938303163663033343161373739653837
30306439306530643033376561363761343261616530373232353763353435386266343830356333
33343865653534636661393566303663383130393339626134336137376663633434313063623165
39623762633936653565626436383231656662656334323562613734663939373463663063313037
62663361396164386532326233373133306337326261393165623539643535346330653933326232
30363733616236393330356361613066363664313134326438383739383537343139393065643933
34663439346465313139623638646536346465653732316538383539336330313832333264326633
63653539643736346565663839623164383533396537626234633733323330303838346534633833
36303135646231653565366461323364396436386532376162393331613432623237376334623634
32636630376530333034653666353234386539333865333064613865313661633935663366666261
37613564666166373430663737633434323331613461316165303562313537663538393630303461
65343661326363306131313362323834653963336139353666326235623936616535373638383137
33313563373338303837613665353039393630343437353862393235643961663638643737313835
39326165396236643636396266643836393733356539643530333235356262346562323836363435
66383566656462333432336263613433396562643535363031386435353831366332316437303063
64663736326234633538623834656536626465313631376337613230663535646166373737323261
65343161313138623165366238646565623533653635376566636463333661383033373633316433
31626134316137306465393533306437396562326431333861666239656339353339616533383334
63366337393266613438306364626337356238636432343464613463663935353666653832313132
62346661396635386334326232356261316432633862303565336430653032393366626163653463
34616565633035303465393837623639363034363364383031636434323535316566353864356630
62326539616162366663343033656638323362393439626364323363313737376466633837343432
37633864643634383564613464323961343136653834613432373961356363663533626434663936
39623864666632613863376361356636336433313835303938623766343338363764386261393064
30623835346430373135396464363163346435366635626661386561383231323431663265376239
66613661343837333935663938646162306536323334336337366561653434306231643065366366
30636364313262386436373561633335373430326531306661313963336134313564373839326264
37616630306232353063383861323366643262376236303538376135656237323930663163353731
35653339623733643237643131626638363138666566326364323630326538363861353664646661
36656666326539313966333832353062323061386666316533356431353532616534343730633734
35373437386166356633666235663334663937653432306261616566623634336465666232626234
39313166663963656431383532373334333361636235353066333939353630383935303465656133
61376532333062666461303662396337663965626563616662663830623131316163666431616261
32383065643966336262633064316632646664656338343033623035636330333939666138376436
34396365386563333138396634363662393565373766323937366361626163306634386335613963
37333138363033653532613831646637356563656566623234346237383933343161623233643861
32653966666337333631626431316566333831336431633064636438303731313534303062393465
37363436363930643035393939306537356432626434656335303964396638396632653839343066
66353630343761646137613666613733323066383063326466326663623162323535633863643531
66386238303637353766363534323638636436356666396532623863313965326366616164353534
37373631363032383331636666636265666163323530653538373966616330616438616536333262
32323238383961623863386431643239376633383132363666363861386436303561363239366432
61623838646661363263306365393039306164336263373531396636363765646337633664663363
37653661636235373138613230363039623335326336633939666364303135336233386338303538
34663734333265363535663063303666663138343436663331643436303938363464373464353236
33316538666136326534303766643235346539356431613765323637343865353464613161643731
35333362633566343462363063313237343662613536653138306331646261353738343531613730
32636332613837313738386430383236366330636662383938336438363565353637346364353264
31306333373839393761323830663036616366356232626133343339313237653464373863613436
39623263326532326561303732383165353930643663626336313237653635326231353737343563
35613239396538633765303031303132663139626331333661633462626636646466666463323038
36656236646531613730663130353936623565376463303733623830636661666333363030356663
35626434633031366532376636653765313866653134373766336261613432373163316262323939
63303463366636343661373037663336613634316633623863326336363337393434356263616232
38363833663632633934363439396435643035663638303136613337653833646164353465666335
32666334396436333537343335303036656661663038316433663637653865663238306431373735
35316465303532353164393333353630656239353039336665373765333137303432313739646662
32316531313338346363653133356130356662616365633732633339323335316165323065303161
63663061666238333232356266383335613033656539356630393661366633313363363730383438
34306536613366343337643138316238353764373538643736393432646165356462636236623233
35653466633539363239386130373839313834313364646231656337363031643962326536363633
63613364336638656164363635626464313937313032326335363430373137376531313861383232
37336464653163303330393931633230333963396230363262613137353166373939653933376234
64333038363264346539356537316638656431343033356261373664623139313437343132363765
61663235326135336532323939616230633062306132373630626637376531303261346164666266
32393835373064316566303433313139373866343335336463343661346535633430346334343433
32653533303263343430333137633236633236373435643631303264316665383138333937373239
63393163663239393735376334616439636237373137656166366635313130666165616263613939
37653233666464663137316662663963363464373331623137633263373163306139653364643034
34393830356534313332646337643431353739343538333837366338393138303163306262393666
64363566313030353838343365623262393337646132313333626238626161363062626263323966
37363366376139643661356563656566356562666134366439373834393366366631333161396230
38303032373566313835383962393365366132313433356337623531373237623531343635653939
34613964326663666634306339653935653162303437373635366663653439363362666635643632
38623838333836393234366365616434303762356561663662626434333538663165616266636565
32333137326565613037656637393237373237383762626332396634633138326631336334323234
65313133363262323034633935363166333162383933666439313337616138376234333235643637
36343131633565336463663230623334386135363337313232643964366537643164303563363963
63396535316262363134363432626533393336643932336330323432646432383635383630616137
31353034333965633534373738646536313930396135643961316164626131646336626664613361
38363566613030646163396665636163303732333539393931613737363131356264653936353030
38393261316535663337326531303735326131373330623836323135633434623562306130383636
66626537353432363062346366313438333733633762393439363133633339363236333435326666
61363837616136633430396137663038306132323262333936653634343866636365643938383864
39623233363738386363633433313239333432636537303036356132373435656363383135633839
65636138613333613265616138393039393062373034393030396631373034633462383361383135
64646163346431663136323939333932363433633136313361376361373361396236613935633061
62613038393864633537326262323864373863613763663135393539363435653938623735633235
66636333346535376136333337663365666334663763656631366230623532643339333562623737
33303236346236373437613530653333306362363939336534396339643637353835666439623664
63393265643436346335333237323262613333323266383963366238396261373837353866333438
38316362653665313762396234353335626230656438343064333539303539666362376439326633
31643564316363393636643461623265613562613739636265623230346132353133396663613966
34633739396465306464653335376335663935636631653539326639666266646131326162343662
33626631623735326536653038666662346337323564383065366633353731383835393763656333
37306533303564386435353032316632333637353031623566663936323033343432323764386361
39626238323530396230643361616265376632303237346632633263643265373332666337343638
31386337653737316563373338316434316666663362623866306262376438656336303461663061
39336165366466343037366534346132666536623230363539333131626531323562376130376633
38373438653765623534626634666465653039396161326337396264383835633131396437396438
35616130366265333161633031383137353961393164306438373132636464663939353334363161
37613236356139633730383061646162393536633035626138306334353535333934616634636566
66613262636134613238626234383333303866373833643139613533656336306536333366316331
63306363303936666535376463613135373738373563623737386334666261363563306164383962
33653534613938306430623536393066636633396162623035336130646239336534326462363237
37383739623065636438353835656664306362353966353237643833343130393431623064343663
38393465393065636636636165333865623236363361373838613962653938313135323762393464
33343138626339363564333236313238316133323766353636326265633538366437356336656263
65633236626135383232373737666434666135633932383862366263353437323765373433303335
37326330353337343937663665333335333765333737363837623365356233343866616666666265
65386530663836383264626434646366303539363934353537396139373035396262653532383234
66353766313563623733343230376662636333663264396237306539396561653833636230343963
34333338306363393833653634633230396431333265643530633339386637303866386464306164
64373738323266336661333736333861656362343935343135353630613530336433623938636430
66376663383837623563363236646563333131613637303733386137396531653861646633643336
38316336663664323265613832653837623265353961343235636536333333613562376561623462
62313363656561303136363636303336633964363636666663373265363964373337626630323335
61353836306636653063363565393531653039373333313132653332323033616435346435326534
36356532323764613530646561356132346237366463313630303064346331306332343834653265
36613232353938363934373537366535643733613436313932303466396331343632666433613735
61313639616537313432386365346232653563346337393138316333316532663039646262393138
63623137666437626431336539366665643439303465663434313533663231336431346162626537
61323163343134386634383833353937333635353039316430343961333036663165656233376134
36353033303637353236333936333765363262616439313465343965616132326362396531363566
36356563336261653237383463326235616231633362616565356434393764376162626261626635
32333739626431306134666438353836643530363332363934646637346232616566363530666239
33373166643136616238646134323034613434353534383333636437323035373232636332386634
66623431666630366261653761623566303466303839306537626333643138643534363233313538
31326162653736633635336661356533373539303935363061356437396338303333353462393539
30643130663065393262663930343234356337353939663233613633613039373235333230386434
36373865346130613839353733383362323864656166666266616464646565383233626533346530
38333264363532326333336162643366333462633965313031633633366665306437323531366566
31353031373035363363353362366261396565316539646161333863346338626530653861633930
38653938373335653534306466633135323538636230333562363166643164613638393730636263
38386630303561643363356163353065653132613139626362626137316231376533353930656631
37646239356537636665653162666339613331623932353661343636373366363936623438363663
30363862363035353465663937626166326233333134343935393230343839333838336631656236
61363262323937306135353862393036613662333664613666323432336537653834356564633835
61353339646531653465633431343761316333363866363236393435613765323164623065376431
36323132653833383938396632366664323063356564616534306439303838653337313966353235
65323932626133303939663733623637356465666361626365386463626466386164636631656463
37303538323238396531363833623135646333633739346262373639326437643563386264666564
30623233313839623936613866346234303236373333303562666235376639323334646264353965
36653862323738313631303665343263343136353465376263336665343130646631656639343033
65613335353832353334346463633936326630633738633962326230633531616265636364396161
35393930386630616363653737613565393230326533623764333434346237383465623035333332
65656363666336656634646533303866646664333934396436366463613365663631316332333362
33396233646330313337343935373265636464376564376135626131353439613062303538656330
63373338396337613931393839306464643135393632366336303037656236616435323861383361
37613830333361376434623131336561623862643336623035663237663265393761396631323131
37306363363966663937316434326462376364633637343966333933323833363736386430363564
33373939376366316437616635343465326631633966623539333335393932303233336564383239
62656334663532663537343363353437393235623666666236616163356432636436653264383538
38343562363263623633363464343037633834353836646230323834393962653333343835646430
36336533623064376237663465653963366133663739643366393935346132633766626634303561
34636266366433393936333363363462373733333836333130653236373335623263363839326461
38353035326636333364663135393131613932343639353161666431386135653061303632663033
34333162323139643635323638613662396563323132636661383930643335323763383137373334
64633932316538623066363938323531323133633862373364633038346535643233363663633963
37653861636463616265643031663732323036366462363333616661396134666162326263356133
62636431616364366230326137333934383066613430363336323636393831623235653434333834
61346665613935336334306137346464333930336536343730373862643034303636333834346535
65323664333666666437303065356231323966343738333733373964313036616366356532626235
32393937663766653136383637356265386232663961373537366234653362383330626533356431
30353564663036643933366330303034376366643934646234333236333336343938653839613832
38303531663233356534333535363261386330343135653438373334323539326364613364346435
63653966636361666636313166626230373834643936653866393137353834623162343961376438
65663066386264636631306365366230393634353036353434636639326534636635323961653635
35633135363434626665643535623931636265656565303438353238306232323061626235356531
31386438623332386534303539643530656631653165623765333964346561383465336532306366
35626563333635343166383461306533393639386264653063623963333564633661373032336161
32336361663033396132626664303665613435366265316565653761306264333966373433623062
62643562363965653962373137333964616431383933363234623831353036346636343066366264
61393962353936326236396265623033663234633234383030343033613866633934666535646565
39336133313461626136613135386635336136353737303564613866643863626537366134336165
63316436366433383839616434376434643630613032623464376532383863303535646565343334
34633737383134383636396333383861666637616361386337336638346631353965356638336139
37383266646133306133653034336337343331326231626663306263396534643930643732626135
62316664363933356132396137353333663830626231353563336439323438333036323065643339
34363361626364363632633136626632376461373833313530613236643830356437393939356430
62343831333834646338656534663966643932626266656331343238653932313134633261306239
66633936626436386266656632346530646631316235306234303664613931356633333238346461
35666537373138313965323133653138323437396263366634323334646432663837663439663933
39306236643633336432663030366265626630616362343739643561626339336233613236343365
34343963356162316335646264666263656330303332383636386337303037616330386537336264
39656436396561373435376337306631623730393035343438303562663330653665393637623864
34633662366562366539313139343864653930396335353735333066663235306463653734653963
37373433313265383737393863663036303166303261313735373461656534343131323466623764
64363963386163613738326564646334343535653039376364643261396635616533643266616265
34613133383836343936636435633730313265616438373239333761303537626130653932366465
32343465376333303663656462623162633231643536343963356166663237613331356165323836
38333436363431613162373666623763616139663837313735343739353832383563613438663239
33636563323139326632636264363465393634333834306535313938386431363036623938343439
65616531363332376331323736643732313138383236663062333635656633323461343037353834
34366662633236653433376333626365386333646337316632633930333334646530616236616261
39373234623138363965396261623362646565346566323265393837616365623838353337663739
61313838363666616333333361656138366237636666373965666430393031633136616365383331
65326364313364313632316536663238653066343264303937323263613039343236633866636531
63366130326564333530633633356132303936376539343537333832303332303266306438623235
39633339333433303938633532616335333464666166643734376163363231656361643030363638
31643435626538353164363161326639636166663935373236636531313135396461663032666162
36393339393936363730346563633464303033373938373731633762353434613633373431326632
34623132373065353034616339306363373262343231633335343838666262643933393338323330
30353238666138616532346461396362323836626665636233316232323966326135313632346363
66303465316637303166366139333835616230306531633966383030306537613634613631303363
62613631333132366366643931373962643433343036353934313338303038623533366131613861
64333330343263393762303839313037666464666664336166346564633739616261336632356536
33396335356361343163343235396237323539383963663765356161373736326661643162386261
61393539663866663932393832393366633037363538346432306431346339313530333035623662
66623338383765376430653931636336626433613035326637306366393733346634323631383634
39323664303265653436373230613038376432616366663537656236363161663235373238633936
66666565653066616530313133643465316566643339613131336433323431396634613036643563
39323137623261383761646562386162636336616136393266323938393239623431643030646565
63353531333432323331663165363434633961656532373936313365653936323530343932313361
39393936396333353731366365326664386364393531353434643161356665383739613166343437
63393765373235343763636337613866393735396239623866656636363962313065373266303038
36626566633735663731386266643064373639633230336335306530386535383333316530663762
39643835363038633035616338393731666366333463633765303564316133313431653338366436
61343163323732313637383666303065336130626265633439363961393039666661366431663038
35383333353561343766353135383336313736636338373434636666643662323532306262353963
35376230333931313962313965386661363565636462353439393662316433353062313338396134
39316133346436636662646139613036613866393962623961346462346634383663626136336435
61303537376431373732363530323663393964353434366264363738383830656236616666386666
66363534383736663036376266646533643265393533356130326263636430343239616263336137
32353964646435393538363832303465363735656266663062633764646536313730313335656164
66376662313039633466666634356261613333623661666136306436316239626361636435663432
66306336653739363165633161333761313830373762373961376666636537363938326437363666
65623335353031313530373066623961326537316233306665623466336261393134643836366466
61343032626335383930313666386338663339366165613039643038333639636234323235643362
33356631353966663564343237626664636632356130333033353961333365393537316137323563
36373036313031663335303664343261633961356564376563373565313535636565393035653266
64656465393264616437643337366536383931386435633830383832303366626132336666396237
61386639656430333836646230346232326334353036306434306164366262343864366134356461
64346336626637646637643562633436363439666666623564643965326261333835653934383231
38383530346633366438323566343134306530656430343464346165616138336631636331306137
36333437383261346236363034306136646561336464323362363035356466633861613034343063
62333766376438393262316233616566313565396131333737383938303132316632313865653233
30363439396430353235613561393765356530643935633131393931616662656132376565353064
62346138613332663039616139326464616362646366333632386230636664363037353033313432
36616533336463343666306261313936623461666139633433613537353363303066333237303932
31343933373936363038376530616232316535393637356139373630353836363136653164623330
63386665383336666436313234306333336662636133386637313238313761366631396461373035
66333161376638653964623765343239616561373761613836316532616131373536393266616434
37323962343466336632636237373965366331306335663061333239393739666638316135303361
39646561666539346164336663666135636136643636316165643135393864633436616130383466
63666664326366383738636235626661336635336438356633613866333335383366383361316364
65333066313561336661663830303631326666636363383866316232393133323137373362633263
32313635323762366635326366653739623361613936616532356563356564376461353236396534
65386130333330363137643833663061353830333736626433646633303964333432653565376432
34326661613233393438396666626234383063333938616639656235613735623132383566636666
33376463323833623265396537313435663964343164626430383865383533636565663064633662
32623432636238643963373233353334343966333235656635393335396136303035663938643938
63396566313331353435316436643030333037343365646136663562336262623231326463376433
66346366333632666563333936343163623638373837313164656164393636313838353130353831
36343632396362313361356566646464623230656231346463636665373166643863656463333833
65373339623630623965386137646336623335366161663930313838313739343337323131306263
66663735313732346563303039623532373962663837353235373563646633336237303833326266
31643331663632393031326536643262313564373130383134356634356332353264633137393462
66363666326564343063396237616566386334346438333133333864623462383838363665643066
63306230356639313265636539633363633837313732623631353538353631303032303138626666
32653832303934353933376639316635306364373737333030663135386231333536663930303234
37346436386461616430373935353639653035363531633564373763386161353636393765653737
30346263613430643938646565323034616336326136623939633335356137333166396462323831
38306664626162643363396436613439346261643638346439643864376439666231643661656162
65373637383137613936356139346666323534396638353732643730393861396238396634616534
39313734303836643734373035373863386130386432386166343636336261383463383233383265
32653932613534303239666331643131643935633833636164333236343066353764306566356233
34303030373631656362333064656136666665656139353234353831323937393031313164636533
62613561366434633336326564333164383139346261313232343363643633316634623363316430
66376336336532633730383338356139316335666133663939343535613439373138616637346231
62343434363166343562663738333761336366313734636466343734613731313937336562383262
62383762376365353735373936613765343831643561616132353935333462373836363863616133
61363334666139313536373434376334626463306261353639383038373234333039396530373332
39306334306135616466343239313132383734393761336434633538653365633731393434303966
65373439616261373032333263626337653430633038316430383031383733376435386633623138
66343066336234633730393866663664336530663432666537333965393064636138393832323836
64363964323035636166623762646238386563373937636238336663343165346535623735656665
32633838653037363031653537333336393330346635623762356463303237373463646132646464
63393838656335323865376162313734643630363831643261323863616235303664333631353234
65333761633165663436323435613663333337396233643630353266363030316430383436653039
32386136306662613531663266353762393136613832653064313536613633303539323233653563
66393462666162353666653935373231656633643061353934386534303337613231326633366265
35326366656362663735646362376633653333623665303664363730316134303362313065333230
33323361353965333732633265393534376331656338623131343766616634653031396637313533
35613738306664366138356462376434343461656536386637333463653264383836626431353434
35306336373837663333326664343066396532303763363932366231363165663539666234323166
66613237613332343339333336373932333765666165336130626239363536353762326161666236
62316663643239353963326565346663326333376163633031303363303563623933376239666538
38333264303666313730306539396263633662376463353264386331393137383663323733333032
37613839343935623432356561303931363739396235666366346631333063333737643732663938
65323332346636643738303135653730363631323734646565393334656265656462393362666365
62336639386331646132313561623139666263346366313131366161313839346338343637323439
65363436346162333166303132363265663836316661343432326434313631346230376166323330
32316430643463633335303433353561623365386635303162323630613165376635333533653233
39373136393561393737636438333066616536663663643034346437346639626534656164396466
65646336383236656266303666303266363134666332663361353039373765333661373232363134
65393432323032303366646335623831396132656666653631646466356138313632323462396561
37356633633137316162623330383465363231646437393736666136333931326531623936663363
32633234663364653234626330363439303665346430633931316536306463323161353365363261
34343961363665333734643033616235306233356666613761376139623765623637336638383330
32633533306334653631356261633366376634373665333265326466663963333765393533663233
36363233616664343337336139643938393339366539666162346666323330323439373165353038
66346561343763323563366534653232613233623261633731623262333537616639306465306463
63326331616164373637323665613337383631653137663932623831376339326162343562313832
62663432323136653539306539363338616530306339393266393763313939666162653331343134
39633962626330333531646332646636393466316163383264653061643461616563313064653664
32376236343038313036396365623432616365653365656534623432626633656339613034383635
30613333303238646539366466333133353832313365316266656365663239636661346661323330
34323064396664363566306635306436303763353938393536306563663863616137356463356435
61346431626638353234353164323661653261626532363961653735396638313766666533373036
38616530386166393561626562303134633965323566303866343234383134363633383764346139
61646537323830646566646530333138346161376433613862653665343861613534666530396531
32306261303235313033333134323962356563396463326635373131653830346139333934386433
38376635313761623164663233333330643066383439653764616533663835396566633435383032
32333164346235633037323634373034383635383237396465383963353730313361326561373736
30333533636665613735623334636433386461663134313036623031306165666537636530653362
37373262323563653236306535653938323437326236303765356233303336613035396239343033
35633035316162336538616666336663633161663238393965336537353532633636326637326237
34336264363032613435616336653837323230343832613266613634353235353631346335393136
34363666343935373362663163346564353431363963616162316333373831323933383865313435
31333661386433643063396237643630623631623335643361616530663735613733313439656531
31373630633834653164613063366638366666346636643836623966616266653433333336393965
35383163646366333334373635356362326436656664353139636137363330626537633636663230
38373631386532313966366361623432323262323531633234656637313865373339353864636663
62636266343336316534303435656130636136343765663762346335653264663833376130363262
65666636656632353733386661313338666534343832613032613731373766316632383535383434
64363364386339353235366635383434616462633865643362303963623665376439346231646431
35313062376266323036626130366436316639666563373436396635383162343133633738336436
37303161346339306239663039323466333130373566383261633235323263666564633763363334
63303463613861343034643333633438663233353238363664656232663535656665656361356463
34613536313361383233333862623131323036656137373234653566396631383832376534396532
64333232643061363233336162666132383130303230633533313763643365653137653264326137
62643334633732356463313066623837306465366634333336306663663238656265363164333439
30636364386436383335643464373162626336373234313666633130336639613633323234613338
35643731646462646338386338363563363135636135613466346266353961656432336437313138
36363462633638616431343932323363656661313239316634333432633264366165323935313463
31303837383730303038636133623638343130323464616665643736373461623463663138396665
62396230373539313137366361666262336666666231373065666365613566356166333437396362
37396237316461663234636161336163643735363435383966633233323236636534386565323939
64303564333665646531646431343665376361623963323333663639653064363638663032313364
61316261656463643365386630356565623834613766363364346233393337323935666139393261
34353638346361396230343637656266303836393731383931383834373237663032373161353735
62623937653466343462626465386564333733353562366130343935333132613633356137633764
65353563633861303831316436643132306264333866646665386230373635656562643238666630
66646433636538353964626464383538613638643962646230393136376535616238613930663761
63323461363561613365613632303264376534666364643664333837623730346561646161653861
30653635396166643039383465663261653734616264386332396636643137653866303264626561
38613961373832383633343766306338646630396139313233346639643466353438383665666161
39613263313263376636376362623831306530623838376633643336653063343963623566306138
33316137313062666139663365353166313636393239363466663430663461356639313231333064
61656237376434316631363233313534323061303430623337336136656538323638613934343463
31633561343130643466643233386434303933376563646361656134653662386363633163646362
33633366643866306431343861663230363264663432303435626162626530353839323137303631
36663962313563633432646430383730326565343766623666653931656432383130663435646439
62343561653839643964366536333662613339633639613961656536663664363936656630396562
62346234633135653564333634303264613362363231316265666565323930633530346332643665
32346666623437633264646263373536643761383461613531313339666364653233356163633366
32303362663161643936613632373032666233646330313132613738363032616164376663366433
31663538336432653164636137373063636333343034636530393734343434623836316364343938
31343035633661376336346165306665313036383638613962626635343663356538333862346233
31356432316435626666663634336162646464333531653136666634343137666132633436366531
35326162316130383038636464656333383132366539346534343331363161623963616532343232
34633936373662376563343162643230333232653139386435306430373339306635663036323762
35363538316432353461633063613463663539613639393335373130646363396461383061613564
64323161626132646537396361373630663863306437333463396362653838313735393461353632
33343834386533633236663362666637326461333939343765386563353132363761313334366461
34313230373832393337313431396365643337636366363563326664323962633766346434366233
32353534343536653533643439656534666565323533323463396662393834366462613461663830
36376663316461306363323861376335333566326337383063346263643638373530656466366663
38653961336162663661366232336463393564353166303830633764666163306334656664346165
61613531623534303961656261303830316436323137663832643337393139396561636161623166
62636365373863613361643431303563373332383434633630623435336265313835653936666538
64633530376230373233653031313837626239663334373063373431313661633434653262656461
61353032643561386231333230626332316638663261393338373861376661356137343466633062
38626466333832366133663734303433356365656539383432376566663935333436323130373665
66353339626435626663316233663330313665323234636238623062646562643731326531336464
65326465613033623031396334633836636533393031363565656130653466333632326365316231
62356164393337333762653632306533326263643635363537376564616664333530653038313162
38353130376363343564306638646363326132356537353737633133613838386363306535333065
33373537343031376339383031353434373266316264386335643631633166316563643761366131
63643065323938303239353234613565356230303961313861626438303563316638353231636334
31333336626438623661623238633230333431336136373338613464363961363861656461313138
61326636373861353765313563326662633934646661663130303163643465323034333737383063
35393931396138316438393832316431316631653363383866643538613865376366633536613730
64366133313965616266393664363165356162613661373933613138636538663964336338336536
64353837303231653433613637376561353639346233613861636431303164306634323233656665
66623633653964336133643339656264633063313837313265663138323165356532646264393533
37313630343165353536633966353136653065613965306337363338383466646538373066303762
31306434643030313665306562393835346365363035343663393363393866636636616335336565
34356363333734613164653530373632306661636665396238613335346336653262643565306534
30653030366231663064313264383538626331646636346631653739376662353638363561656363
37313365313436383732373633613161346632373135353034623766323064396331643536353466
32633739326334656461663262376164393533363362303063343763663864636539386138343836
39326430626238356237653936633862663165613933383733383631626261396435366131646334
38643234626162336535663266666637666334633630373665316336643832386130353366623062
37616631303865663463373231373735353661653631306661653935396339613264623261646337
64313165366163343161383736393362346362623830353936363265633937616364396666313733
35663364663465353436663031323238356662313339313061356130623165396630316566623363
33633165393866616139666336336232663131303436613837656164366636653633643233666132
37653837373131353836353265373965396466313430613166373439326138343639666235616332
38303966376330336337383837346137326637623931373430623266313936336135656365333237
34326633326635346537373935323238326439613338393832623461663832653161646531373761
65303430393531313338383964333938373535393039343030633365626662393434613139316232
64623664386530666635393364386566366538353763623133643662383263613966303931373232
61303135323862383561353234336131393761373337666639653237316138383534323434373833
64336562316435313831366532633438643663653832363032333839663766376165313162333837
61613831373639636432653862313830623238373139643734383564626332366331383937663633
62653131383630636666636338616138333735643561643234623630303839373432393635643263
36613163373965613762643965333161383661626632353839623230373163666263376463646331
66373230356561633962663662333362393233323662363163366437653133373139363234313962
35643863373863633961616433346162313138303463373763346663383162636164343165616534
32623034656433303263623335343465373966346235393539616535303737383266343565626265
38343064383563646135636439303064663665313263386334633364616239363238386663616430
31626635623636613234646161643036636138373737633863613030643337373737356466303530
65393239663962633437326239336337323062353463363830386130653930653662353262613161
31343036373333353064343463373431303032646561343461643535306631303230626334306436
62616535363361333630313161356531383436373463386133353664353362366261626563656332
33303832643838333433323032326237363730343065363134346566383630386339383966373964
35316336373762373732383735336237666461393335376632623635313863303532623835303831
65346662353633633665353832353233393832663565376234623030376634653163653062386334
31313630616461383461356631643834306466346636366663633561363932626636613238636531
34653736383134643239323938353431343261633237326134343432623466633931363063376339
39623031383734663436333532356236316138393261666335353833643362386533363232376335
38623139386464326461343534313765306137376361613963346635366230636339313538353065
62303865363935666461306635333038653235393739396363373136353331303262613537643136
32333266326530356466303536653737393363366338356130333031343663393734333938336464
37383063313162373935306235346630326664303934366231646464316537643163313033383032
62346636616639653835636532343937643631343662323432633466396361613133616162386636
65336137666661396462613562636638643262646432616635376466613436366263643962666136
62613237396232303762396139383338616263363035326236373232666630623130623162323533
36326235646630643062346635333932646463656434346666396232326337376137636535303763
64326265323236643764613161353063336464623763353763663065313634373664656339376136
32303666343365323435616236353664643433616263343539373563373132616361613865363864
38653331393436333963363834303362346131323064323363353063323664386431656330643631
39656561323939626339653237386462653835326337633732346665653965326637396534623263
31633632316239636239343538393532653534323838336137336561363365666363396538646638
30346136303566333065633030383438356264356566373836386132373238326132653334643039
34656636356438663264306137386131313733613536326266393363646239333338353462616634
33633636353265643965373563373163333635306633353531336632653930633866643638323336
66663331376331393065323033366263336336393034623265343337373565366461656439313464
33623530323261376265656638396662376431306331353037373262333432643736663565653038
39343534396632333163373761643932366662663363636564363338633733363039616330653735
65626139666634666235303564306536626561303665393836356335353635333839636335363435
61633166643435633665356233633536306435633761313434356139333735393032376130303031
63353663656130333537626539373762396563653863343666613536613632383830393261323965
66373662323035616333373538393838613838363361346631393563306332653264386465633365
35306133313036636666393262363839303466616435373731386531643537383861346165623838
62366461653762653737396464633237353031333139633932386434383234316635626165663835
32383165643663666233383139386637326365613835383461303432316462656635363839363833
33356533363434623863353763633931373435316330346665306534393963363139663866333363
61313466396434393239316539376436613666646666333230613538386465666630643466396239
39393931383834303332326363646263333736303766663264366238656265636364613935373833
30623566303463636334336461626630633161643563666536643061636162353934316437366638
39616461633231633837333930306261343166666334386432396166323966616365626363393434
33363166643866636138373631313365323739323664363436646335623034616638306335623130
35666231346236346238653339666635393166356230663063373631396435656333346433306166
64366233633161666134356636326535666534346433336637336635656161646436653234343039
30633036653734346338356334373861373731326232366163656239333164383831383263323636
33643439313131626164613833303131336133616661366532346232386130613630656161346332
63303663393831613362323764653164666639666562333866633263666432396662643439323137
61313138333830616230353639326462383632356437356463646665373531636362623663366433
38323731393539643733313362303839653336373532653832646138356437343535323539396430
64616263306637336430633535396666303737353965633831653937343937373666616231653362
65323161623863663036326462386162353137393935336166333663306362373065373235373639
31346433386131636262323436373230633933633938333936616462653234663566666364346235
65343064336239626139376234333436353837656434383332636237343562303134363332323965
35363163666463306235336433346537373262333862356161643033343139323331616263333133
61383364656631333038343530646464666534653562336632306536663263323264626661363234
33616537656437376162333535333837356532383031623063646334343833346132623365646639
63653630666562626333393063343736326231326134353165396433646333353436363131666438
32346336336464373162663535333461653761643665373562663938623830646432623639303637
61323661386337633563346465343965336463393939623334376531343034316464636464333365
61386131656536666435623665343763616264386432636437313235323263623830386334353430
36646133313735353161616532646236363538336135343463313665393866623639376264333365
38333038616638373235376430666266363830353832353063393361383461633961636334623562
33643037636663653663343763613534343564356464313636656464646463353630613436373236
62643933636235326663373538356535353865643333313730313736363461633633396130616331
61643439646265313631383437666134633238363633396436333438333764643331383439666436
61653064313432313930653032653130303163343262303236636661653463353864653661613536
38653263643164653863313837383866313731613531653937303566376136323538656161633835
64643533326166393739613962396535333330336463396366363866363732323934653931323964
61353938306435326235636262326263643764393235656130633234326564643163616663343738
33363564343738373865333838613531393262333030383532313939653464386134636166656139
65633062353134353430343637386363396236333266346663656330636637356138323335613262
39333961646533363435656134336263633639376437353062356333663235346235356664343136
35616639333666663638313932333232376566313361396165396661623635383463636237663730
66363165653831363562666231306362303965623061633034643563356338313332343431616533
65316562386534623330306632323038343564333361356530643133313631393139303830666162
31383866333838643630353762663961313466623864323466343063363735323561323532316464
30376462666639613539613261393738353531343939663230336236366331353131393536316537
36326430306630386639653962643234313130393631333233366237656663393634303631646434
36303039363030333036383639323134336635323036383562666638633562663465326134316235
63383232343335373138303966306565326661303261313837353563353665316530373631633331
33643534326361666464613965313361383262353037396235626365663138313761613336343537
65663565333738646239656361636164353631346235306338306566353439663039333761636233
34663437396663333937373936323134373737643364643635323634393534363036396565666666
63643762343965653230356363383963356537643036396534393633306366313765356131393937
31656464656564626365343562636234343733666261663130613336323066353162363763313863
38383566653638316565326433343531316265393034666235303433373438643832613766633237
38313064376530613533376436613361373733656635663338616336343564646536366266666161
65636532643031333265656561666264643463373030386264663861363264333437363362626534
36663462333361313730633333383534656264653631393463626238646364363461303733636266
63626130616364343535373463336239353933393735653765656136343139653437646638313737
32633930353335326361386262373337336434343234613061336130623463383661643266653636
64393064343632376261346630376433323464666236653438306230386138393834656665666164
65666631636561376635313332633137653838626239626135613837306139396331353364363764
63336438323764343766386161353965343663626465333733643937356462653034336432656230
31323163323531616463363934306566646532623831393236636334613562636330393964373233
36623734373562343031313137323733393131323037666534316362616466386235323765616534
36633332653261663861373163356466386438313066353039656366343039373562353731373761
64333832333435333533303864643435376161386230326162643134643934626166633439663535
33613063363765363664313432653063306663643365303335316662343239626339343763313735
39353639356432623838653630643136373064383130623332396639303837336630643533323434
66383864323563613162383839303461646237663232646561326433326331383431393131303865
63316165663137656432613762636266383562383937363862363036386133623932363363393036
31646432616239343630626633646263396338623234386531306334373765653331303035366235
39643231376462633838623537316132376663303362336534386264336539646337383937386439
37343734333366623437326532656263633732326564383334303230636163626533313362383936
63343964306262316663303766636336333264333936643337663163613230356637353138656435
61343062323936373438326162343661636265356134623965636461383662316439316230663636
34613636643063353937376262353333653064356633613663363233656236383936363338383438
39306432386266323237633330333233363838663834653365656263303963663734616633626437
36663663316462643237
