$ANSIBLE_VAULT;1.1;AES256
30333836616633333961663739616135383163616435663336346632393237393932343732653930
3462376432646336656263653166326337353766613031330a373864333765613763353362396162
35393834633738393564656561383930343530333363656264346531663866633637343265336465
6632303638366463610a653466616262346332633532363833333336363136313261346436356139
36393232663466333430383532366230393066393261333536383037653233343565333932653866
31663831386663366131336533396362633464633262306631656132313761363162376433326666
64646463643634313439656630323437616532636335303635393661393339323831656234643965
39313264653963323237326635623135363866653631393138313863346133313235323233663933
34376134323165303330323262396533336237666239663465643230623037383231363631396639
39386166363835356237353961386364623761303036316331363930373965616565336464393566
38653336316562306130343934643432656433336530316632646565666138333538353830353334
33656337636431346563393539363465343362323334656638623636653937383634356539356236
33386237306634646238623831353763643837346465616563386265353366363334343764376236
39643464636364643233306664323161333065616438323634306162326336306532373438303561
64613637643030336531393663613732396236313362313462663866383461636433353266383638
64626630646133616138393534656261373561333232643837356263613231366139316237353733
66393639376230323636663435393666663830363832383061306433303363623633323732303037
31346333383463333263353639313564643936313734376561303465653538386134373935626562
35383234333363356339623361336334393661343032303961633633376137363031326333643166
30316465306439313264356333623630386231373832666335616434663462656331623737396463
38643362313464393032393764313261306539353838333838366231363638643162353664623134
31623564636564666164666466663735373136326532373933623734346462663533663834623064
66366566353531656531393633623238313232386531396531393238323534303436636338326331
38306165663261336663376562393339623937303030646438353239373434373938646338333561
37376661366362653263353434643966623766346538383666363165306534333262663438323966
66316535373862613732643232323763306365616631646565643466323662303831623065313736
65633865313736636334303562643539633630613336663239356437396666653166363834323633
38386161633235623433323737396232653366303435326565333663636635643737623134323435
35613631613034393832363230323865646338626330353835613137316461373630316236366438
37316237396535643538393431363430303466313835656666306433663762323334653934323136
31336239613562323035373538386231306635353766326436613133396437653337646334323866
34353664306561363334383230353532316535313030663930366164653361623233666564393561
66393165346266306164393534313731386565643234633662663431626438326666313566373337
37396164303330333663666638653937383634303063356530323034353035383337653837373738
30393762626663376663356433653636366538613834316261643266663161633862323364376330
61343638356632626365616466636266666330643263656330333335643031303064333664313961
33323061356364623430323339613539616637616531323433333335626530313762376534633739
65643030393331383362343834366538393161353136336663356232353866356464393134353036
33613766613532356235656330636164346532633031613832316533656138633432333736353833
30623237313262346461326664376263303432356463663465643866636662353130633064303830
32356431333338656439376636343965373337636536323533626336623063393464383761376165
66373261383437383065353239376432646230313438323039383733616330646531363032396661
36316335666238613162656330376534363634613866383435613437363635396632353462303436
66643132386238356462613131616138383632666164366431666435376363386166396566636432
65346435323136623664623033396363643166333966306337346633363766663430386466663336
36636561616130333938633532366161303736323037336436343931323830383766333534623333
61356233343138346332353136363130666535386532393361343164303962386139343239666538
64613736623037316538623261396266363363623133333833663738626165626237323062343534
64653633363764643964623632306633383266313061646335376633653633653333363637663663
32303262376236373930303466323765366236313065396137636133303633633363343833333336
33646235646238373537653236383962386461353739306162333562313331323339666330306137
65613837653532306639333031383835373761336637613931326433336233303361653937323937
63323436363266393033643261663262346638353564326463326130643832313832336631363164
38653564316661313433353263386434653336343537616534616637663039343239313930353230
66623832326630633935343636356266623761653430323433666534663234613533393961613066
37373734346564393332633961376566616163313934386135663866343266656433633331666539
36613230306464393064323336366431643563366662663930616434333534373665626436643162
61643539613333353766653132353936653539636264333866383235396331646436396264376135
37386336336233636464643264633864333065386233366532303663313430336338343634653265
64336665356330636535663733646564653833633331333562306133333837386537323862356264
32343130313363643463343331326236646636346334626633323765333135663232643433656533
62396461353731323338663633356233646466373733383534336135326663633232323133393932
33636635313839623537393862323633376233383938663163616363656637326563356661306361
64396365383061643662353439656462363731303131386634363837666633353638383539323132
38386530396365363734353335633264633930353564343036366235343738333233343439386661
36613964636330343264373433346661656464306234663564613565363130303661653739666630
34383066653766303632636631373663386335633338373534333664333436666238343166663066
65616236336262366465663138396137663066316666616665323462666462396563393736396666
61656539376538353839633266333832643438626136356165653766386666656232346633333837
64663230373436316337633661396538656433336638323964353630663965663134363136656265
66313466663833636363313533663261306530366266396436363037333666623639373764373566
31653564636630643438313565306565323332373636373066356366323439316137666132373532
61376266313162383739306363656638303733656366663035626266326161366630613265343030
62353663323962376666303036633437623135656133353933363238393732616132383936366264
33653139613430303737636533636236313630613936663137613239663961386565323732373965
34633832366165666464303264396261373937383831376531653831636133383836333632313064
64366363383537343134653761623330616133343834303134316164646165363432623562663539
63323031336439386634656161666432656234303630313832333737623137613835383431323266
30376232306430663334663538343438616632663361643661663264303166613564376564396437
39373964653963353536303033666562373233616434643133393834646161346361323335323564
3062
