$ANSIBLE_VAULT;1.1;AES256
63353038346133646163313765303539373339613232303937313134616339613239626566653731
3134653865633232613462336233393935323765343139660a643637316637333465353261616132
39343635353963626439646636386433393537316263333864326134396565396364653364643466
6666646362323032370a623139633937666363633038613566303961636130666139326331356262
64313762336665393161393134653563376431303365336634393764633864393332663132616665
66346361316461633430633536623434633030383033366136333233356131663537613134356165
65323735363034313666306133666331303030346534396631336336616464333062376262666561
63393439366564333263653935323638643035386461626566653166323132353232333965393133
66363562366239643162646334623662356634386365666537663863623563383839653166643262
31313139353737656634373033656330393234383032353139316236626530313466636235373239
64383730326563313462623434373632386231353633613731313236366534623033323163656261
31303637353931383135396665626466353761613765323530343337363664373431333764386131
31383931643738306462333531633936343663376635366633653337383331623835616131346665
36356162346138373739356263373134626633656334313438633731373065653764313362336635
37373739343161303463613732643339616438666664653161623938363061633161333539633263
30613834383737383639666164313635666232653332373066653962373434386232383035633837
37663865306263393665386664663963313139616337663338623362323163656662643036343538
32613238336133653165653730393165326638346362323633353031336165613466373065366132
65383865613566383164653966333638313836313363333633333263366231363034383738303032
36326534323664383339636433306531383433633937306262376465633430393934646236313637
31376462373261313965343966336331343439356131656632343461306433626566376330353831
63656434623638643635663630663737633838323437313566373034333464306233343364386664
61353937303533356161366532333939343966303535373639643661373766323538343963353366
64373832633363323964383736323761616638663063363632613336353264636337346233623038
35346433303865396132396163373931636163623661663066343563376165316363313462383132
32393530663232373661323865383866623335353331313363313538623861613938663637633433
32366135356565323962666630653236643736336361653539656338343630653432626435326133
33313861626136333064373530396164613663326332353439373231346461396335326263643965
35613339386433306237373162316334613663613430376531303065663863346363633761623432
37303563303365656431373739646538616239636362646633383831643766366331336537643462
39386536376337663866313732373366363637656335383663633032623733343839336231303161
61313134346433663261313536633661303664623265323739326334383330646538386432303462
31646635386364396336313966383034306362616261333432366331363862646636636362336633
33393735643164613462303261353136383666653233333235303637353638353866393834636131
37633533336364613537366131363636656466373764343839303536666235343531383730616566
37303537623261353033643733643131366139616531616366333163653266383433323663343734
38316564303034393530653333633830343662303339346264396466313863643337343463623330
30616635616663653632356236316566653837313532386561306664356166613937393062333766
65356263383363643861376331613939306134373835366133343933333734363163396464616338
33643066323639336539316136623361636136656130613638636163323239656165373339316562
34373864396638343034386639613164646464343766363138643766643637353830616263656561
38343035636632356236656563333537306530656634356133373032363739643434616338386432
38633132346366303633666464333033323266326332333730646664633862653136376338303562
65323538616432306166386666643365656336396333663034303064383934383633316633656465
62343063333231656239316531383234313534336435633639353035613065306363356362643061
62613834313965323138383037393035663939326666343663336532316465346166623637623034
39353163313938616363343235393135653233653732623435613361396435336532353864636364
64613365623162306130303939373264623334666137373637383135306335363165333635316335
32656561616335656436323763303463663837323531303134306261383536656566353664666664
36393531366661613837363264633136393232313439313431353134623466363061623833376465
33656532386231366235346638303363633339303939363864336534383034396365303766643531
36303831373331623132663164356337646532393232623562316638313935346164633164353330
63323666623734363264646530303734386331346165626663653133303338616637326333393439
33306435386161383633316666303834336639326262396133376661663532626164343637343038
38616337303032346132633732656130393532366438396362376166373666346466313139333537
30303630653964646666343932366537356139616535373639316330633366623161666461376236
66343266613630646331323064343330353139346236316465313437646632616336386562386163
63383964626637623234313261656238333536306331313133626435303662353366373531336434
31326561306235663636393736306432353535343232386261623964323837653333356437313835
35353665366139313039633864643338303531643737636165643961373530643266646166393866
61363861623436353336303834643762363437626361356662343239366531393936356635663637
35306136343636353833376531626666633230386631663436383663393237333636343635303833
61666362376262316331346265393239643762323237396231393730383062316432356639383566
30633866393138323434303234613330376664353831656237353539613239323030366335663333
36353865616630663732333134343163393565636339656537323463303863616538303863306333
65326364373462303336623934636539323963656236366432306339326436363665386538323531
39303161363439356332353930646263646139396230373630646237373436346530386630346337
34636364393231316535383665316133346132393138623362306531646535333865383338623535
37653965633933303737356133316636633331386538356461636534353765306434623037333761
32303332613033623736336562323265616330316434653763306134346535303830626339663665
39313133636463343663633661653262373662303065633632363465646264316262386634373338
30303165303664363534653130636461326538373363343636643464333732303937666664336565
34313937663033396532373964343464353432333561393465613939333165613032643037376536
64326630386264346538393462343965386638376165373864303461363762333436663430396636
30386231653636323362383263613731336437303362623935376566626165363039643335366137
32636236303563313865613364343865646661313163663365643330343462663235643438326665
65366234626237363639663735396537663335623132626239346231346637353664346562323635
36313036623039363166653139376136383930666565306362323364646164643937353965333062
66353461366661373435303464353862343766313663383332616134616465363864363438356565
32336165313435383936383737656634376134636437353764636661323237353430396634653039
32343833353438313265303937373430663233303563356632653638396263653539356638366461
61373263656261383938303637616664643766363265333730643735323861353263663037343563
36666362303734316161366132363433393763373938633936363366313730333638323638386135
31376538326365386564623735626536613733626663653836366533373333643533326339643730
34613761343434633035373161316262366434313264656631333132613234346461356464616135
65633362646231323638313664616463393234386362653133623033373365383337633033346266
34366133613566636238323837383261656263336635633837366134633239323865373233326662
65666536343935313539356362633133666663623063323931663133353939333938396161306432
66336330636135303334616136363635636138396164643333363334663830353431363166653531
35316563616230376138613039376238666337373166383239323262343537646664363561666261
32306531323964353938343363363734656163623465343234346635313831316339613761643963
61633638646366343137346139363463343337366232313837323766313036613466393736363638
66363065323265303932326631373064343839383563366533306163323634613131336432663464
38346434636666316535306135623962313235393061633838666663616535653736376135383932
30323935316464663037373266613134373166383165626666326564333634643862383938386363
61656339353465386466393633643564633338666464336532656335326536336639386239653664
66653164376537613963356632653132643238316634666162626235306664613961393638613930
35393932393733326137633733623465643536393133666566326264626365333234623962336633
66323236363637343562336233363638653761306139353561656464373135653136366164363364
37376339396532623139386339303861336338336639376333386465333130326437613039616533
38643234396531663632653834373166343133633338343239626534613662323664363930353934
36393333306132343235633331656539633666336237343433623039666430353837653239323161
34353930373234326563666230646265363038626463643232383638616132376664616662376131
31336134396364643964393836633230653562313263363036626636343035633038373838613861
31643166316166376662333533323266646436663461306464373732613632353465646235656436
63383862376664396535616136393739663230323234363138636462663330616465383837396436
64306562353331386561663938306363313836376635663731363931663934656466323362396130
35313832383938636364306235653838623062383364346336353333343434373862356336383462
37363863363034656637333435386334396233613932353738346266653264643336613734353031
64396264393938613637616535313338343736316363373339636637626333636263656332623539
38323534656566666465386437333430316264666331643962666434303630386361336336393961
38366535333965643236666430376337353533643333383334336437356162613038376662663333
37623862323061323737333062396233643261386534376131353031383137376638313439383237
65663331396237376130306565653032353063666566336265643239336232653838633563663166
37316363346532663537363961326238303166396434653232353131303338623334306231366133
34383331393165386431353765666361383536363638333763303632323964333462363265663737
36613132643838646630643235303063623837376533653139333662656233393930616534336335
65623935383063336534373334313262393561623135376131383038343734343463653236613664
61623031383139636432303638626437393432653838616137643764643435376563663431376361
33383535333836313462663962643637646464656462336462386538393231313335333763353934
64656539386632613262343065393762353834303439313463333931336237643762636363333837
33336232326366373133616531373866633931383235646330333766343834616638613762653065
32613066343237666637636139306566366638373265656132393435633337643062656264646531
65616664356531343761376362303462663431343161303635613038333730616130643462663832
38643338663066363838633865336632663930353362303663303461323363653339386332343036
37623836656264646164636632303431623562363738613834333664623835346366636433386663
64346533363731643939376330653238626332623563346564373263366634643462366632613631
66383330303861376231393765313164303032376466633364313536623064363631316431653766
32666563623736363432343664656230313836666137663332356532346561656636363032373938
37623337336637346432343664306163356637343763383432306635306161623238393461303737
62613166626162613138663762616664643334643435313139656534313735666365656233646331
63333136353266343264303037653132613734353535393839346439376561396366336266363939
63336136653839643138346335393964343431303038383962393961646363306331393462363233
33636265363636646631626638383931346566653636306532383238343937333763333261366434
37316538313834383533646335393464343231656630363236353433613831613837323863373365
30653862376131346337653639666664313639646537653862336432303963346663393139386264
65636366343261326230663665333231366336616330363732336234363830373633636430373338
65666162373661343361363631363064393466636537346234343936323631303235636533366165
36356631383366343639353362376165313164663531336235616431393433323566333966616636
33396162663762633764643633303738633834343337303339303065323334663734663138386534
65383430643463366166656465623830373432623862393336356631383065636437326334346633
33363337313433373662663565363732376565353265356431386639343231343963633436616332
39396662643265313630643637613534653465626237303337313236303236326531383833363734
35323063383239353466623065363236643463383663353735373430636363396331363839393539
36633135656237643937396637336665313838626438653132346339306533396637396232656332
64396663353462313062343966346363313639356164363263653463383636383238636336623037
32666661356130373261623231616330393436643730663537633730323563646630666333343036
66306233353638373435393038363163306661373065303734393561656437313238323337396437
37643730646130373964613937313531333934363235633133393931373438383266303737343938
35663332316561653564383438306462633561343735383834643331663737343533306632343464
37353933316536643931663738633261623266373333643730306435663362626466366532646638
32313335646165356338323266643162353831383165303461313532663063643432383662393762
34396134306432303833616434653966613135633464356563663365613364656561343733653236
37613633373966326439363939386331396161376137383135633836323565363235306239343936
62623236663738313462356561353032646330353635326234643632643064393237663636376164
64363932366639663133616133663937323637643161653762666430643634373362393039393337
64303932643032306662633466346365653365656433353561616537336433636332653434306538
36386366393766313236346132613937643038323765346363336461653435336531316634636231
37363731643938613038393464343936323030326134363564323633636339343835653364366462
63356464346663333563666336383535623564383739393337333237626136316264653063356265
35396637323063376361323363326161303966613735643635336161366362326437353139363265
32323061316234343839646232663130346230623330616566613536306130363131313539303161
66393663333138383835323036616533393038346166623233666263353565393264343161633065
38316264396363353464653561613665336137323562666361616134646430373732663336343062
30643663643862623937333261643065613332333135393261333539356539663863313166653633
61383531363535323962373739663938353139306438643031333632333236323965313966636165
36326539663162376666353038396234656130643261656434656434623932653164386534623731
31393064393566373738376364386164363637313064383762343134623039353234396632663566
35393362353031333266386466343030386230356166343736633738363337363535396137663364
35356363636261373433323533386636306531393735646433373330386661333262356664373538
65313465323432653135613866336232373632636266363038616332613864376366353839626562
31343732363735393964666161343737376438323566666437396561653063313039356434633463
34643766663863313364323836323763316463613863613434313738646536306563613439623438
38353632383665653131343165316134663539663266616232366563653965663866613664393562
39356365346131383332333530633132383832373564306130636561356162666331633035303638
33396430663936356432653933653736313632326138643963656236616463643032353338653330
31643835356333613130343539643034306238613062663330653831393637636465336431306437
32336563373263666666616131653931653332383930626631303464383766653233636434306436
33346133353163316265353030396439623632333966323131373463366665633939373133633530
62653136376136313066383637393962363838373965653563636163633635303966356438366564
62376233613238653332373936323431613765636639373736643166343736333963643130646133
63633838613461363835303561363435346639356361326139656530393739396662643736363661
62303233393632303263363732363530313966616662653033373733633332653863343539376638
65393035643331343565666330303831356166393630343966313533366338356632396464396238
32623739616365316637633166386438613665323437343335623830656132356134326538623037
33306135653164363663393130663635653039303962366232646236616338616666373964613062
31666664636138666364356138323364613530333464383061376332303463336563383339663635
61373237373931363830616463333262346431653531356166613131666431346232346434363737
33653933363864343035303235363038323230656433613237623937613563326365346363613933
63343466323931376636656464393039393437613336613138313530643764346266626663613437
61646165313031376664656632386239623264616538373435393635653863306462626261636631
61396638613064356535306665393339306434336434336533383963393233613831353265623263
35346531376562333134653939373938666433613634393637303866323135613139366165306537
64366461396362333130346332663536613839366462323732393839626463343431326566323136
61646365663263393165313732386135313062346363663364643532623233373932336238663932
33663036313065316130303432373934616131313839326434653339636265613261323536393131
64366436343331613332396439323537373332626437386533353861386333313535613537393938
32356262643532343332663233653334363563633234306361636437363436356239616335396565
35333037313631336365616665613632336365393030353364333266346563613637386633363164
39316330306632616637663664373166336262633530363062363038633064366233393361383461
31303634346138653965376131343331643266343132623662346438313161363938316164616564
39353437626661383366363364613366653262336363366335666532353939326362636635623362
37646436363938303635356636663563626535666666613232356531303862636663353464613034
34376566376266306364303337333162306237386333373766333062653036633438623061306264
30633134663963636535386634326537313963363362313438313633303135333464363130386634
35653438646164353934666139613934373665336161623430396130623464616131623665623030
33346534613230386566633731626162666539313138383835616533343165313939666366646365
61313432306539366364663132653765653662363137386531316135316162663237643137376236
61333866336564393963313637323461323164626137626437376230363531303534366236393130
62363235386565326530356239346639343233363834643964373465306534643637353930376539
33353736303737356338313135376236373662353865643832373736353732313233613061323137
38623762633938626230323834373164303035663332336466623630636532633633663439333262
32376539373730656635663465636537356339333634646636393264386635353465376338663439
35363631663938366438646532376632666531313633313639363364316263333266376566363564
34363164303965336636613964656463373165613164356539353430643133346235373962333037
61346231383663356163623039643034653039663330386264323134663135323562363661376537
30393538333734313031333235306232343238633236353132623464656230633737306637303939
62613334333835613864646631663234626438363461666631353065346665613866636235383464
30613866346632376664396664623735666464663136346237613734333935373538626265393030
31386632373739333261313666613730616633656535393833386638633839303338663938316662
37363532623332303362356236326637313266613239363163366239613461393939353634666565
37336138306135326639656336303661336561326362623464633031343937333034356163646531
39373033613035626135363739633665333835393362346265363165623037393664336362356234
35626239386531343838333037626531333165633031363863633832656338343934326666616366
62386566333435346662366265646638316534323466636664393664663833303139303230613137
65636262303563386239336261656532383134663138616339656130306432643963643335356533
39343238336165303661326434313566643561363638643764636366656563643731643733313165
37633630363334356631636431636566303361343634353631623439386130386462316664373533
63343738626535393730323834646137366233653034623334366332366233373033623534343338
66383739326263363038653538366338333035366464646333393432636137363330313763316566
38613063356562633763333530643637643530353962333334663931353038303538323463303363
63663438353364313463623662633330643162386362303234316535343434306264666364343435
39323530363530353436323939313465626339316132393830643535393535663339653466613462
32396264326463326436643031633438663437663161373765383163396561626436623165333839
62363032363231623961393433613336623866623133393137363330636466373161653864306538
38343038343563376538636539393663653635653436373038663031623837323636353239356339
38316464353538353839386333613530626633373332666464616239313038643735636630646337
30656361313834623432386539616261653661336461666263346166386236333537303630636562
36646139323634626164373535663465356666313935353737303061623566353237616365653862
34393066626164383764663962343534376233346266383537616665316333663830363464633035
65393562636439366232333530306132653233326531306164396661646662373462353865623535
31343331346436386633366436633836633431643666316538373438353666656237383766353962
33343738616335633661663438643638353139366166643234303035666164666436306461633331
36303031653766356266376534636434636263386133643661353335323432363162623536653464
63646636623837323965386166636438656566656561303133323731613964316434386261386233
37346232643935623731333839633865326533313836323130666232373263326163623435346664
63633862633037343738316135623834323635393438396234323864363862656337316532336663
36613630383533363835373435376561366334633139323230353066316430653165303761336235
39323831303263636238373732663962663133366333626364373630633162373131323932666532
34303662383838333937646131316362313761383064613065636264646434396261353330363732
33663337376662373832633332373161623763356264326139643035306435376336336563313865
30353633303734616132353232373738356165356437313761393033343562336633343762363864
63616266333835643436393434393361346134383666323334386238616164326266633834326435
34366266343934353331343462653363323866346436633137356634653935646136666338396534
31333331396239666535393465646364366232333561383632663862306337303131333438633931
30393731653138353030356263393465363661306439386137623830666433333862396661306166
38643466353434346331306237356137633862366331343363363335646463323231663336326266
65623264386165383562626362346237613630636464333162393433396163373731653366653531
30653936393166333363303363636639663563663237313834613336306564656563336136633039
39396361343336633238636562666665646566346630643433323663383133643434633733326363
62653636333333626138313037366161653863316630653339303835363337613535323163316236
31313764356332333631323339393762343862383962343037303536663036666431303835373364
33393934623030346638363739363738356266303533656236303236326330633436623863323265
61636633633165396638383830653965643030323039653737393037636432636233626238303934
61396166306137323961323739383230656263623531303538626465636365666537646635663534
37623031383364346435366438366234363165303335343538663836633533646365623966613538
65333632353764316632646566396539373430633839343565636162356439363433306163396237
66623731356632323939613466626261666636316638613830663736326566656464396235653736
35613239633738336133656337376238636135343262343765623036373631633066353965386133
63656563616636343566366161663365313436333735343461306362666464653938313737363536
31366336333232653161393934333733383536356230616434623038383163316365353835346638
31653633343934653936306532323030333434373434336534646163383436306465313838663036
36646335633732383766343031646633353039383965373039396536333463633030343966633863
62666131643866646132343639383739393338396631626461366234666364666437316466353963
30643031656364343865656266353937393462336134303461666437653533346238653334613138
35643965646166313638333039646362623564356164663535316532346237653161643939386661
36373933313432613837646162366662343438616536666139313737636435316138306463306562
33306632636134366636373239306337333135653561633338333535613730393438663335303130
62323739383530366164336534333061633963313136623936323636396364666139653735613061
33366436343461366437333161336337316537636565653532333236613636643434383333643362
66346561623932666563313738386238313433373935326633346264323066313432326436366133
33383035366262313262336330633164623738363431363438376133626562306437356563306539
61363536393361643562396461616566613864326463386361623131343763323739343638633465
30643636613836306439383836393436376633346534336131303665323538333933306533393736
37316633333462613434663363306335633038336631636438626332333333313566303264366331
65366531643834623133636137303838613331653631343931666162623333633366643035383631
39613731326263313139666165306139323736376239383965623566643561666661353037643866
31373032316466366634316537613837373030666631366134623365626439346164666136383135
66393361393033393335366535386362363137303061313031353761336462643764303130653736
39316231343264346339653830373232393666643564333364343766663463646139363664633435
39393237643733646139303439353162333738626330616663633434343361333134623765613034
35633836353162343139663533633565613764393632366235366435656538653965373637646231
36323363643638386265363436306235653838643062366537326638646665303462323938633663
32666631353863323364383832626564363666666363353138313439376137373164626631323039
65323363343436643938613131393965663032346532383537663139363963383239303231653833
33336436613330656238366133643564363832626365333032643635383334636463663937653934
63323862306134663736656631636262663132633335623862356237343633663634323032613331
61343864346563313761353236313162323063373335653732383235393830646637393766323937
34303635323839303936383063326435333830383766326664303962376165643037386630636136
63363661646262376138336239613261333134363666386230656230393233326564313432313138
64373634323333636636653631613763626566623263643763346165623466336232326638626334
62636632393463363133316538393963326532666163353430656139343065663930376539396536
61306366636439393235323865326264373830393939363631323239616235313234656635623263
62323630343565303538343230306436636563376264383631303536623965346433356362343133
36333632653161616130383466626232663030313031366132336232313465623338623763643361
62396339366438326330346436646137613137313434376164323235626265356133636464396161
61323662336266653438316265316232663864626238393435386663643735343832323065636166
34383965363166376639303033633166633638393664353265336566373832656464343934643138
31646438643232366463666230353561333235383133353166363536343331373263363761393065
31353037613034383530303933353039653765353461623934653261666631363462343865326434
34626539613666643435336264613530386331636534633538313461386635386563316566336361
30313164663165376464633166646666643037363161323663626631613361663931623665636162
62396135393630656465393238376161616139633963613566323638333862623833306130383061
63366361373061323439303961353962303038663933353265616536613235623563646337633934
66303539376262376463343435363566613438613436303136313666343639336462356132376538
63376437663737326439323136616462626662326133636431323963356561376234326566623832
38623036373735626538303031346434376462363230613162383835643438623066326538636565
35306235353264346439386635303436353733363533343962383461383666326330356231643933
33376332663164306236333533333762653939346166623334666439376630383239623634373762
66346539663734383366373666303939333337366533363866623465383137663134333039613634
66336464396431363736306635643439303231313134653264613463613133646262353939346133
32623732303364356263353630313536316464623438396539323830376633376138366462316532
66643231393334653732356130653836626164333239363461633466363661623361396265643035
37313165383837623062623430333434306663346137353637643533303961333163383761623864
37333761343065666166356632346632303433386138313461653933643335633064306236383435
61356162383039643337393066336364356530333561643939656136656236626537343465386132
34323630373536303331653834343332356433663831653436613263383139393061303934303730
65663034626562326530336130373166393036353332353135353035373738646562343435633963
36663639343766323364373138393836336161373635656137363438646637613039373638346233
64356264396138313865616361633837633639633232373136623263313030383666373231316434
35373061333638336564366130636333653630393461303134336666323139353936353139666337
31656137323032623939393533373764376531376663656361396230653032356430666565633365
62363361653966343335623931393839353765396363663139396161376639393336393132323163
63313834623431303930393961326466373836663133373235666262333034623263663937636663
61306566323530643637393033643138313764663761633163396530636665373833633331313062
34616234376333323938623433393761323434303132343732346335636439316535633162336362
32353466306437353132633035356133636235393761376133336139393030323862383464373331
31646239373462633139666137663562653265663437366463303533633161393539313566363234
31383531623635306533346139323763646631613666313630303730386631643039376537373335
31613530316639323430343166376437363135666463623266346536636263616132386561326235
31363139363562303766393366613730666234633231653539333233303331323630653665363061
35323735363664343431333061313464383639643163393339623736373161643337386132393432
64396239666530383266656635356637323262623133633132663832633162633030333139666138
37363735653138343435386435636430383539393536346537333065303863313137333436643037
39323961336661396564633064356435666564346163666638366639623664336436376235626661
31356461343630316162303165636239333732663138333035336332383662306330663835323333
65396164623739626136356334396130383335343461303439376531383133373166663238313234
61643233626562303266376238613764396131333666376533333033666661333239356539323364
36323361383234393737666563383134653865313431616537643036353434356661306665333366
33386332386331633963306138666337303361396663336338396639363038396237306638336533
38353663313031386637313431643965353632333538623063653732356435663334326661383934
62663564653261373333323139653233303765663938333466666662313861663439353138343366
37646363613631363830386130633436653461653039366166666661373836376137623631623965
61333061336333613135356462613665633833663430313632393362376235356538613965656466
30656366373563643732316361313732386439613335303037313233666436623639633033393238
38623561656534336539323532323962306330613639303933623139366135313630323463636163
37623766643737323536336161386433623438636263636665323838353362303965393039656532
30366362396630303132343462643265333465613433376633303564303635336565376266636238
63323761386238333434343365643231383936383861313633326165626632653531313136343631
39313262323838376562373233366337373862623532653931353034323166363739646462656166
39336632383835373564313665613935303834663039386138643461653332643839626338396465
34653162323737373730396264626163653733656564393136613933623332656231363561643238
34333366316661316661303032656534323466316663376638623261633334366335373461363232
39383036333361623964616265356163373739623230356564343731643730393230396535366235
31653736633566376135636165613932326634626234333664613939626434653336623761313431
31646531326235656363346566646164373966363563346136336266663161316462353639616664
61653138376664343431656535663533653562646333303265306633626536653732386664303231
35303231623466373433616565376533393931376564643963326432663830643434316565626463
66643562313365346334636162313065373938363535626466326163303738333165613633386536
62623764303634396364383239386631653539333639643761363263336537643565373938633732
39663166316430343333303061323264663836616663333862323766353736663930373933363834
38643231626139313238383966333963623138336432386161373565653735656664396539333737
34643038643662313439303737353634663939303230613764323664383838333536366134653032
63353965336262373432626161653762643132653738343134353737343561636465333631353436
66636562353035646635356635363632616133636139343931396133363035323836376634646265
32663363383863373266303430386231623761343336333932383562313533633166363637323166
35333364663562646236353934323131633766353363613364393233653539383433353537666265
37623936343135333536656336353133393039386238343962373139326331636132303437363762
39656164376633636562373530643965623165646130303131623634353565616266313333343933
33623066303365303962393365333861623164353265303034633534353863633636306662643333
61333732383462623763346634393662366265636365306661326664346666373964353232323430
31666332333833353437613131356462616266303133336432653433323435653338333538366439
39386265383339383666656239383531373866386334653562643231663235396561313761366163
63376132336262623332623662303363393563333731366537393934656531386366636334613439
38646630393538666339636239636135356133393636623562303430366330666662356336623436
34613432613966356334623435333063313436383466623433376563353265363163623234383338
62663561646232636261386232616136613332336531653061666365616439656161333963396666
66333139363636346666343237653435383065646331316131393432326563346238666465643062
31303062653466623738316537306161346333386638333039396639373865633664663234653833
66666532633165363738623835656331646633306639303662323135303332616363646265323731
65393830383563373263306236666531633337303163663261346437623230663833643232313836
62633564313438646234666636326134333132646362373932313265396163613038636563636636
34633430656539613466363636663838326430633633393965313034653935616266396230363861
30633330343837306665353766343031396365306239363862663139633835623431643963653666
37303165396434633239616465333331613066316338303136656631646339656365306266386235
33383231343262613635366337313534303732303637636631623236633462303664346538623134
38633064616364633835656530663362333537633632393832336432333566646261663037366137
31633237336536313738613439663332383631336263653062613830323034306335366433346130
33303763623035663163363436643538383939626230656261346539656639326533633038353766
38653633353037393863666231313730643333623232613362616636663935623832363432383738
61623565323232383434303236363430653836393234353632626263646133623932623365346564
65313438383761363632373239366333356136626636333131653831313034626434313062666362
39333032313964373139326666656361383265633330323939373736666266643731623764646437
35376138643466353930306139653266616666356262323533623763366437636139643836633731
39663663656130343063643432353561643634653766623939653238326133386365353239343166
31663337383339323834373536393734313964303365366266623937373530313066376239393162
30323332373062393963666563616437383437623335386631643764353233666632653765383733
37393230363138333162386231316533633733646337373637353431663838363763353735396135
64633333303439633134383064343231313166396461396638316462333330336332353738396530
64393935373038323133383231336337643264633131613635346564633730613233666136636433
65376664623662633664653437376331333234303538646239653931336265643765373262316230
34396264633733366239373536333433616432666230386163373864323135333666333133363561
65646639376664633432313939353533363832643936376565353961663631393633386331636235
61616461316633366166313962383565343735333063343162386230376236643234383365633765
61633334306563376233393139346464366438323065626330366534643239323835656133393264
63633735306666393564336666393266643337633930383836613639383865313366653261633437
31346538666266343135306363366434653262383534653030373562653333333932643535626236
33396432353134376138613935376131663934316535333238643936633033646664323133643635
33373363666337623666613934643038633265383966346230303732316265373161346363396330
32643036336537346362323737306236303361336238356463616535623939663761383639626364
64616139623135326364666336323262633230316366383663326633626234373266353738646266
39393639396630663261303635336633373038643432356336366464376632393766633234663039
35383135363365343464623465626531383563666633336666393162663733356338363262626136
65323061613233633466333764356233623931643738316335616634326638323138303563633266
35313830633636626236336361656137336264626535663237313436633766623538393432656637
66386565656439333336663661376564643262303932356161356463346638663464646135323736
34653235316239386133333132373439616164363135336363666161313261616538363536393732
31666438386363313365323234386361646661336234396337303430363666653137303864383434
37613137393933663861363039633334373361356639623862333236653232316435313833663932
38353839626437333764393038666335656261356236336332346238623732353865373530336635
33303730303164306536643130333738613138313337646338656263626334616136373133376265
37353530663837613933386361346364313936393839366434323365656466643134303538623836
38656234386430353231616662373739333638633462316435633864613466303266393566656432
36616136313162633964663234653137336130353538373732366130623634643732386438363039
66663965353732353362663764313765383465323362346433313137623165346131366536376261
39663930356133306564613132343063636637646433396463323535643930626266636236336535
63323134303064346138656336306161613764333032383364386535623238323335353239613962
61666436656536323335386539633139633764353461306362643230653331386265316264326466
35363330653832383033336561636635333338333432313061356466303438333966363731313630
38376539626131663338346137663033363738613839303864393264363630633664623565353733
30386638393331313334623233393534376665383437353837336261663735636232373863633634
36653630653765666534663565336236613461333763643039343666366161626234303934353639
65616365613263363265376533333466303538323031343966343734356333383034663361653230
38383035656536333035656538303164633964616165346232333764353335383732303134346664
34376338663035373866626130663033646533346563636337656661366261366161333332306138
36663166316634383862363230326339353736636664366364663237623334646132386530633065
39366636393861353564343032613966363138653937613338663932303638323134306330356366
63613931316436383539393836393332643064363230353364356230313832393565303833353038
61393730613232653037353533396630346437626235333261336363326331316632373636366563
61613332373436373134666661643631313836336136643935376463656539326436373662666539
30383036323462663239303765653735646465346465336262623966653538343037633061643132
35623130363534336631633865313264366431303335373239303831323465643637333166623562
32653136353462363365393334333766336630363362353962376564313462623364663630346264
36666362373030356165333137323632343432613264623164346335373339356663623362623739
61363237616538353536303933396463336364316638303661313234653339303762623536336232
62353861336138363837363966393136326635636137366437643631663638643266313439613363
31356330636635316431666638643836373434393633383465616133613534336139363038363132
63306566633632376130346363623064393232326236666132646664343334393461353461333534
32663861663662663330316435623030623938346430343064336464343030666132313033343337
62313938343464396139313565353561666163616439353939356337636466313639303037623430
31353333353066333237313539333634356637373563646638373562386661646136376161666565
64343632393035353937316263653866653538643030323530333864353130653966333033656434
36663834626335626635313862333164663862383132356136616562353432636462353235363937
32336535346235373137613538393762393337613464626139613562646138626265353838346330
65656535336165373666316664656432396335393539306535336434393563323730643937363432
63656630616239636334336661366437666632333735373238653263393930323261326364373866
37356563326363353062643935613533376437393433336361623636326438336363613462613564
61386636656334316166333135393839303062373635623962376331643035303265343139336239
62353562353338386536656166333463376433396338353139666230353562316266316663623161
61353766356464366437313330353539303562626565383332613033333034643233393962633465
33643237343733613431326561303566326166626434396664366331386635343435646331613237
66616165346432346466333664323431656565333839613439616662646433333564396665613630
63373632646465663963623334386234653166303035356236393461313239383332363031383764
37383732623238623562633665333861366437326535343463343765643833666131353639326561
62646334656336623361623561303266666334656663313064313435633938653661333761343731
66616532643663323836356136313135336234333635633664653132396637346364313436323837
35303338343662396164366437653234303834343932636565653863623537333962326363663433
38383331323266653335363061306561663331356434353962663933336133386564393161313135
33396565663766306334376639346263323030303236663365663432306433373434323531363632
33626531346630376236653261353765336230353864323664376130643231343237323232613961
39626166373238383261313932643939363165633535646133626164313966623333376563356166
31663461656635363630393234383935386630333339343761636463393938323731306365346635
63303266643331326635306235616461613538356136366139323730306330303463653938333163
64353862366466613661623439313738633865346632656566626533343737383137366432633430
30306464643565373937323036333631383861313737376634343665353834666533366132396431
35663763643935373539396336626236383264616534663632356566343132363166306163366237
61363566396138373439646565346638363339396330613165653736353435626633346431363561
39303162613635626632633035313336653061313039336130316336356465346631333063383665
62346433343461626164663331376336626632623931636664373337613363633538396339653439
33313462613731643261653266636161346235613961623632653439363633643932303666376566
34393563646664663036383131633965663961643766386263653332373739386565313036646235
66356363636130386166353733626665303661303464643766666139623362666432383534306431
39613639383035303031373736333031303563633862396131653930646230633636613262633861
37383138623831343065393463656562666164646337616366633361663162353863633932646362
65663565313031383230656261633933343363663134313162373266636161623630623666623439
33396230313565636163376536666365646166613263303635386336633436343563376631323630
36393533656235333030346139313065633439383033326339383733653361333433636564626234
63656336373431373063343030623163393831346137653939326661343262646136633634366562
39393838316365383634653262633163323764316239646364623438633963313530333436353130
63376665653833623535363064343730326166383933366465653663616133353463383861356561
63373734353032643635343562646336646538383836396631326439393065653138626232666263
31633130376332376535343830316661313065336436373263356133376436333037383536333064
31323832313239333631323432383635663163363063343663616232633965393366386634666632
65353566316666306632323433313431653136643631373965346163313233313961386239616235
35333631323966643236393135306566313236636164336535636537363362336637613166623937
32376561626663333361393335623865343038326534343566373037616665393661393963333434
34326565303666326530643635323363373039666364363733383839616236373561623430613162
38646437646661613664383536636161366437316431383362333830383838353465666333633632
62363739386230663065323066303039353863326266306365383034316439373231396565383463
34326436663232343836346333323463326162343439353438656261653965356535333834386162
39316339333734383866303365656465383831616564643266313432373630663835333562646231
37383161626165373462643131666635316165343332646430363438386465373762393235306262
65363732386138343063663634393932626161613335313932393363373165333838306431316636
61616562346162643738656638343063333236363862373936363463323437666464623865313633
37373131323633326265643237326134303963303166363863653962666366373562383062373663
30623437333366343263373535666561346665353433303330346135663130633831373133616339
35346363666433343835353139303163373836363038653365613831616335383161613539333337
32616333366530393661613535336533643837363037623436343538333537623031306639323733
32333638363864323061653561643939386632313431343664356134326132393131663062306663
38643038616364613565613139313631646336636461363062633737303562376233326139343130
38663438643666303739323038623263643934653438663362666563303631343031343637356362
38653135333064316264303832666162363839366132376235393066386662333733393061663736
30646363363736623337343466383765633861393230313438643437353664323335666463373336
33346538393036643162663066303431383636653738616534653130373864323034353434306363
35666461366632383333363064393233353638396366616330373764343635373736666237323833
62633035393938653038613733366361663638613866376635316563656137303662633065356266
39303934643364353634363866316661356363646533333535323361373137633737346235336133
31643362333238353639363764333633393033633766326164636262313735616536633334333736
61346463323962316136633436393262306338633361646365333063333136383465393230323830
34353566653439623239336463363462626236333338363135663338313438343235613564623134
36303963396363646262363034373066613463656263336235373461393561383031646563626433
34393664646366646665393866646435383062663333396435633964343332356334643466623465
36323637663232373938323964653630613461646361376234623466326536396432666565336163
31386362386166316466373335623737653734643137653666353533623437626430326439376463
37623337626133396165663566633934313435363363346463633864643536376539363362363165
61656338333538343736333136356638383262616463373765613539336666393064646366376566
33383330633231303362656230363430656661353133396265663235313263663337306238366263
66306138663238636237616662303764646332323938383666383663623433366538386132343862
63636433313431636331623733353765376133373531666562363261323435643965346631646232
37343933633238366433303635376565373866646139383263656362666332343933383430376265
38393039316434393932326366643565626536333331316164373534333139613639366336616362
34336132636138306133643434363264303136616461623630643833353136313631366435323963
31313132393034376334343533623230633162646438376531613966616634363266363935366662
31356366346362623366653162326265303062613136313432663832383535306136613564353339
61356633386636316461643161666534623032336537666364396136646533336137633337326464
64383233306535353431396464393666373239336662643239303237646531336163633433386538
32633230366163653062313762613230356630623539383137323136343164643330386439396235
31663165643238653463396134393366343834366639656533393962633637343731323363363733
62626138363864613236653364386434636131643665376362383139396237316439313431393462
31623938633464376332363339353936343561353434343965653062616164353161646332343961
65326366343466613738346231396366646638653661393332386132353830653764656431363864
30656633306562613833626434316431376232366634656639663366633231653665626137343737
61326335343061383161343035333531653439626430303863373962336138356531653931613137
36333131623739613962656539316162623065653639623437306537643035613565653531626330
31616438303363336662383334653064653138656333363938346333663239626664396335336334
38623138326665646639623964643137376437663734663463663039666561363562313632373433
62356539656239333530323131383763616134346665333831363935623138303535376230333861
35393732393661373939373063343538346661313062373238663931656236306538626632663063
34613039376532643565396132353633663135353433383861613339316163623037653435643131
34646630646130363162623866303365326462356465326361613661666632363365656262376462
33376362353266346366643937323962306262633832386539366235643965373064313134653765
61383664633634313635383864643865323964663063316532333136306564383631333362323162
61623163343434386236356438333861633836356435633036383061353332313036383038316461
39666366383262643566616430616236393961356132386431363939633063643363353661636136
33333733616338653133313233376466643230633838393461366536633236343632623232373739
31646238303738613431663662663930343339636135636337613966313366383061343737323032
63613738626237643764663732646262626530626362663335356366616438346462343037633965
32623661663464373462656531303966646663653536383335366362376637393765343762343735
34633039306338616434623766333361663666316333366264393539313763353164383935353439
66653535373265306138336435306261303635653737636239643931353763383332313135626634
33386564613732663737366162636437616163353263343630356234346263633033383763373137
31326639613665393038353663663464393333613666633765626138653364373363333438653938
39626233316130346530373632376164646336333565613639306661313539303135613236363461
39316661353435323063616230303139623938363132353664623234333236666334333264663832
61373731386438303739663564313362623565633965383764323735363965616162626436313464
37326137336661376135313834383136633864393865333133663336653264613331366531666537
62626438323361343735646265373333623165306132326162383432313833616535356536336530
35363135346565393665376632333638636337303733323364653037656233656431376462636139
33313830383465336438356433653237366238633234323766326466633064313633343735366133
32303961386232633663626262656138613432643762373936666461646662376265363532333739
33306331393539646430623363633238306561366632346161306261303836376362363865353038
39353366633434643831383832656330336237363137383031626335646161376132313139396230
62323064653138666663643166653430666563306334643330323061373833393731643438393533
38363562656336353234623861653665366462373761643637396366393636303034346135303863
34353133323636383339633934623264656339343937373539616236373733613866383132616632
36396630656661383262353239643863316639363038363732306562323038326363646563313333
30653762663035633832643234386436393065363764613261653966303834653035663330653336
63626166626233316434333364623335303532316337393738653730396631623961396533613862
36356537333965643131613232313933646330646234613835626337336233636266663538356439
61313734636635363565393731366662373232396266333734616633613661353136373865626339
39303032396139323032343530306331386339393736633666643636333762363234303336656533
63333338343633333430653531346439376234613064336631383533303632343730336463386339
66663533383464653835663961353732383662663261653763333935343238646537393630366265
63393634363064323263383930343064643663373231643961343862323834613264336262336138
32633563396539363436666532633561336163633435653636313638653034353266643037636465
37306665313438353436333761613665333234346230346139356565353466356166613062613038
31393638663034626333353962333336343437323636393137376431346135613139363964383263
61393731636130616266366630356661376633393866653566346334633637306163343330306637
32323234663161393564616336626666646561616262313237316330616164653139653037623962
65633864333336666566333237666538303264323638326436363438646339363430343263366430
33366264623562643163613735336236663936366361333366366139653262663533316638303762
33613164306130656131616661373430646136356437323130333764386566396466633039366330
39666138623466663339343332383265346237366161383734336331333363636264353231393233
61653464653333313939383835643034313034636638353164396536666265346562303836346330
35356136353639356231663237366133333238393066656634663939353761383439396432663061
63323365623735666233336563643437376131303831326464356337333537616633643664613162
32353138356630643635396636626461656432363631386336376532303764633833323566653763
39366263393962333231336634313166656635363836313237353335396233303465316239386235
64363863383032346635373337386538353330333636633938353663613430356134326334373836
35616530306436643932666161363234636332626463636462393338663735316230663031643035
31373534313564363261353662353939303437656235386333393932343065383266353634653363
34393033353933343266333762646435633435663439666664383930306562646466626434323034
38373631656662326231396363393132613731313132663333333134313462303661653637653061
37353336353864323065333239393035333738613135376133306162303838313936643962373639
31316134336630643261383265646463316534633333316666333331373430613030313562646366
66316438663134336230663338666466336637306533646637336436336333396539333166323130
37356538373063366464623939303437356435366231663761313030613664626338623639353732
33316531653137616338393563376266326231666464343933663535373438363561626132386634
36336664636236343233306438386630633039383838346534353762323735363733326531313866
63343232343764663334333438306430303834343863613936346635316138303863356262356438
30613335643138656433623162363465333566393038313961323961636562323063613638653266
63373939633436383638666566663564373630333537613436633132656536613938396365613037
31313564626434613665393230643562616134336635313431323065623139633161393733333832
66323065303461646163313961623330363739306263303837363435613834303862653038363135
30373534306262616530646165323630643566623865396637336134343565653238616264643862
33323138316465343563653562363933303036366664376563356433626332356138386665313439
36323466636265343366663866636465323037643538623166343061323332616537636133656234
61323536333364363236633264313032303434376231613133663333663462373934316136356666
37623937663662323933626636363434643839623939626566396630323766613465666536303361
62613238383563306564313635633035333035356333656634626163323231373639373036326330
34363932653134323835303866613430623437313439653437633537633537323039623361333264
32333536376638393461373136363834323531386565613436366337326636346331643933396636
37613065343530323061356438313732336131326337353762383238376534303731363339306338
32313866646430353765626238646430613639333033353835643233363034643035393932356161
61343538623339353261306263613536353232376666633130333537316134393438656464393265
62663039396461323434313264333630356133646334626530633961303161353836613864363838
34633065393638316263366238653133666632623138613938323737323038376239656238326262
32373361343864363238613932666231613164373439616362303164613361346465333062363537
66313663663238383234316564366137393039323537316461326464626230636264643766303066
66343263306631623038326232343232666263393331366261343465646163373864303235393633
65356563363238333637323663393364346332653034333463333436336434633032353731306165
61666131366366323864376266323531376538373466333035313863616132393862613066393661
30306430383262643430633864626436326364313730386431396461623732653636633765396661
38646563376138333765616362376230316665353066353233346535396563613434333064333362
33623236333839343532633365633839373036663162616363333633363435623134663165663933
63656638663931376238326163336262326530653039316535353538333038336461636133346165
65663633646533636134396634393735633730373139643530306332316634336238623963623564
61383533663037383265306462653938623130356334363862633539353665323764623133313563
66343732643335346533313032346634646262646264653838323734333232306238326535316332
37353539366635323830636637313335653930613362333265653835383036666231643730646437
36656633666465633630636431356561386261396366656366343832613839373932373032346430
33643431326161306362356263366631366330356431383061376135313863643939346264316331
35653739373864343735333730303865643864383238613738383032316234356266303964333665
6138616366356538363530626130336233633565373563303832
