$ANSIBLE_VAULT;1.1;AES256
34333333356634656664623333306166346166663530623030343537323935636265336339613166
6365333564373462323636333031616261376165663665330a633764336264623030323862313832
34613130633633653264313361353537396639336338616131336563653364313861306566633366
3765393366373631630a316539646264633234353833633531393465313832323130373263663336
65643563663535323038313566643262666362343634613365383666663063633361663038633262
34663439626661323364653062643636346536663535653866336232626338316337313230386331
31393830646530386135653334653461353465663830383134303737303962323064393832366334
37336535646331376134646362616134396162643263643466383065356136303738623764376262
39306561393164326463393133343263613766393230383138373139613439316463643439303964
64333736666265396561353362653634356462326337626266663263346234373662373534303834
34663333666439376232646164323135616638383635333131643866383635663430326437346433
31323630616266346461623562633738626665663535366338313533326631393564646433633536
63633061396131373334313631343139343964346233326664333533366336353063386431343232
63346336306464343163373866393464343334343232616332666461363066656539613037356463
38656564646339333563643630333436636138313830336333613362646363313463666234333439
31356534623034326332386234313737613237663033363838356166663036663439346666366664
30386562373339626436326237366433666235633661326639613365346633393033343031626233
38656464316665333739363364323532613562626333346166353933353136353432636139303634
61346230366561636136303438343134316430646530353039653336616663666132323862343733
66376539306164336461613066343566356234306639336139326465343537636165636435353735
35383163326462383339343538633733373264303962386662316366393530373334313463346537
64383730643664386436613939633362613261326661363337386566343663653939643135356435
36646639623038376261656130623231376138653366636466616465653132303934313432626230
61626533343437343634386234346165323734316239613337396130666366386238383430653735
38343634363231653939393038626439376666616432616265363736363535353634643863663766
38663562633238366635663065616335303835396663376361633635623930323833393764356434
37663134643032393833336165316361653438623138316661643735383135356233386564636231
30333235666638376663653838653732646435636366323433616630666133643633333737306265
39666137616538343163386233303266333166313633626430613333333563386630376564346438
37313238303138663161313864303265386439333834336232666339663530333732373362383838
66336564613264316334353063643965643030393134396261396461616536383830393463306662
36316530633131393932
