$ANSIBLE_VAULT;1.1;AES256
65626133373938346531663663633137333562633930303436366562383938396431613666653266
6464636139633963663836363031646533396138353164310a303834373038353264353435623734
34376133333564306265373633653761363235303962653934333631346531386334333738656664
6232313966623933620a336161353864613130396563303131363130346537336461386532366562
33333163613730666363303638323463393261343632323835356239323862386564396335323435
66353866363533333639376239613837343730343538393866366431663663646462303930323565
33326138633530663763366230613665353430633666373664636462613432343161346464376334
31386332333964633565366332373761376235376262373731613362633061323430623865636635
65333332613836666361613338336562383761343530633734383232623563636663356433396263
38353935646232646263643335663963363935646537366238663435386134643839396465626537
35626432343363373030366561373039653331326531633336666366313034623463613831346366
62633331376632396364
