$ANSIBLE_VAULT;1.1;AES256
62313666636538643865383065343036396466653963333964373135643234626134616161393664
3964643062643062326338636662313133633762336133650a343866366631626639343464353262
37663162616533366231336232383266396264343238653932323536653537643430616238316130
3438386139326536350a626339626164363464306562643166393032343665613932366666303935
39623230653762343437663430393737643639653737643732653532656361623266313830383663
31653166616531663466616562663364303136333835623965363461383035653131636633663036
63363731336637613132653535306364643661656530333437373436316335623730336538373363
66623935343436633735323739333065613635343337343239373465363739333435313066303839
34306330663863356538356665326263363238356466323834616663663431396236626537616333
64626363366333383530363938336537306337626336366333313035643030336662383531353634
31356436623766636233373565646266383864363966316633373431353162633038616133613733
65626263653664376331
