$ANSIBLE_VAULT;1.1;AES256
34306361646538363561633662373532626638623731326563303638346331343937313261373465
6666373536656364656261396134656538633039623462310a366137346232343935383238386338
32323433626234633931343666643062316136653031613262626637373032616533303633616262
6264343731323633360a356234363932346165643563656238636633306131623839623333386137
30383332643630643633633537353863326534333539373131626539643036306430353834626664
64306534333935376136663363336262323233613637613234323134356335666434656630356636
64386139376638613764306437623262363162346665633838343938396436666139613031393166
36633431303635343061613334323833326333313831643739626332306366653733636336336364
39346264366238623061653736376438306265623234353062396463303164636662633433386135
61653766376233633836623033336563386164393933316531613731303934393330346635643164
64363730633834663464353066656566653832633431303332323862383435393130316237366262
63336530303365366537636339663064643130616263656530356534383438326263656665643962
37363236346336643230356633363863353263613736353261306631323262336630623633356136
66316635313665646266343733313639366165336339643061343133353165663937393232306132
33623033363062313961386138373433396633616464653137376163323630623337313336376438
30316534643863313266363630646431373332353530623234626233663963306334383538373734
61336239663666393164636163383362346137383965363964323130363934373731643639626663
36353063356339613764373833386633306139653735626433616332323139333634363336623066
33616137346361336562393562653165353439633762376636336335346135303466373436616639
32376363653836356161353661616632303233636437623438353439353034366437316361626235
31613738353263323435636663386139313262626638373230643933333934306462623232376565
33363739353566646461313631333966356265343130383964366266393064653832353930373863
36333236656437613430323032306562303534343437623763653330633936656265346637636235
32623037373239393932336439353430346234333364366232613132313665663730633239353263
32666132646634396436653663356331663834646534323330623338643564653666303836346561
30646164353864653037353739313832383735323866653137326662303734343431366137616131
63623135346439383537336363383736346236363061333333383237613564363532386537373362
61626464336638333764353432323436613734626161363339316463333837376335376566623033
37383264343232353336646632323632663461633864356164383262353565373530333039323362
61323236313539643335373130376132306133636233333761626631313961626364633336623238
62616230663733366438636361363231353230313061616463623037666664333234623032343664
64393266396239386337366666316261643962363063643266623733376662633731616131363663
30346637636561643830353237353932353739333334323365623539393537353239643639316538
30666362356265656339343462316133643832653033663930616637363032333965663131356166
65383964336363333765353961366332373436313630646637653962393838366362626165323034
30663439343165636265326633353164323138356261633766616263313961326331643830313132
35663034643665343034666137303231306631656264393431623265366135333462336139306566
37643165663333316336323731336531663534376662313339613634623333376363613761386330
62646230306135323430613161633634393232323064623332316134323063653236336165616365
64633436363766666638666566393035653861323435643738386430623832303733643664333134
64333234363163313239396532643836303139653932386537396262356366336464663535333836
39343437356364666538323530633335666665343837656338376663316134393039633538316462
36366130316562626162623365613439633166356436656236383232356432373735383535363338
61613531396339353035646439646433393831353930663138616564396336356261313465356433
39633336306439646262346636633334356333633933333961633331333035343937376462353365
35396236663135666464626634343930323966313533363731383536333134373066666265366662
62623132363030653237643237353236363064626364323033393837646263326234626166396162
61363332343665313561336334613163383337613565353466653830653963613462396563333734
31306235633863313531393265363735366630613535623861393565616338343363613562663634
37643362646532643839376235616538633435646262313232653163333561373030663166306431
32393239363038393266386265303066643131633437383034613433323364616232333061333838
62346461316231373335623139333739313536313231376130393238636533383461333737316333
30323734333132643932343732653732653334643534383661333035363362346363323138323966
35666134396136636332653861316266643732613363363962373634633861376533396162353738
66383535353364376363613535666639386466653630666534343438646630376336356361353864
37326339623536383362396664376666303130343538656335353465633463303061313531633533
33636164396132643936653166386134373264336637303238316238333166313637626666386430
61626136336631616364363337636236323734653262313464646632363137623630666462636631
65316631346233616330363363313665326130363431643935386332653037656361313731303630
30353832323833646330336466646633663732346236393638303466353438316565373034326631
35633632353964303130383264356332373362653034666465326166336435626263356634663330
31363665613539363233363931646132383437396134343233326636383839396137396638613132
35373661653765346561313266383765303533316537363139326166626464343563393064666334
39303234613366353066613762396432663333653863343436373236363664316662613238396235
33323033373132373261383134643263663465316138333436623733336335616231323736663338
66363930393263613735333661316438616134326331393564613838316361366436643831306130
31653263343332396566313638303734346132623338323966626434333165653435636364663437
37363762643534353834336336633732623039613966633638383732363230336131336537616630
38303439356133373962636462383966333330616264616364376637646237326130613036646235
39373334353134303865613264336339623039316566393131623964323438373339333161313131
62323937653031323038663963633938346664633437393366333861336430326666343163386261
61353630323834313765303930373832363235343162313033643461323731333037646334346633
66366566303836616563623431356535316366623361663835643163633731326263333232333062
39353934343735393433326465653062363562393664666233656534393936623338303561366239
62663037313237633334336231353632356631353066393638326334663235363736356233323963
36303336323762346533393066303162396264303337636539626232353363613431623134393064
31316661666435616335323032653732386532333735316664643232616439653330313765623530
65313565396566343634663439363666373332303433393837306434623535363362616439386433
63373966303963316533633764326433333132376434383433656239663833623662363964653432
35646530636165306433613437363136656338333639616338626534383261326333313932626538
63336465633264306561643032636437323938343839336534343036376236653736306335623766
61363131323738303236356263316335636134336263666236383439666164333338333532656333
613634366664636634323730333237646163
