$ANSIBLE_VAULT;1.1;AES256
31323636623038386233386630646164623961313438623434363732336532356639343536326435
6563613237303961613536643630366465386264663337390a343333373166633763323762343032
37336562613963343038653231363737386132663032303965393539643064613031303732633237
3431616134663739350a333965376439626461303766383761613564643938386537313233373763
61616536356233303163666135636166613466336134626536343861623863373336376134656331
33666532636432343730313231623638383336376136376463333031613666643439373264333230
30333135326337653831343130383763343238633731393139643563343065383536633863383937
39636137343061373035353034356364353262666564393430353561656561663735353432633464
61303734386265653438333065623037303135373562303935323663626534386163383965333736
64326532343439356263613935613439643964333239383739383638323531636333303839393863
62373732303433666537393763333431303261373637653637323866393430323963383632623539
35373635323965626666306231363536666532663266346632633331636134623364313132303639
34303965633236383261613063316364363762353637626433343339663264393633633164366265
61313239396263376439346635646165356433353735356338653330653738646438623533636261
34316638343137303665333434343730636639376165373636363863666432633532353062653764
33323435383436306164333862363263343737396664323765653862316333623763383434386430
61616539303764376665313135326339373031323233666465363962633432313563333234366532
35353435623333346364643831316433393835386366343062373566626535366336373335306366
37633331623133643434663563393833346562336338613966623233346635326561356462643037
38343333626633613035623965636638303235326235656666373531636134376439623937303436
64663031366462623066643832306138303234333439643438333436633537393134383961326631
39303238396130623562616536626435396661333566363333636364633638313938386365663663
62386436656263326630666365376363306531333938653161386262343733323335313035373562
31373737313935353330663562326436373532373865333737383264373161316431393539356132
32633234303033303534333034356132353766323436396336666239346536373163633630323863
33636363313561303933386266663463313430323038326538613335656530303635323631376264
34386231366436663566623666636462386439643561353233316664356566663138643466613738
35303839643461306463323065636238623262623830373132353538656234316234396137626432
35393565643234303234383864333363343339636539343164326332313034383562646666346561
62623934623336383436613663663038373734303465313766396662363032393932363334333364
31313636323431373063663664323038333263333861613431376161623637386463663735333764
36346166336338316161616532363039333563656266343733623566366461656566366466343836
37346132383836316264373135323837376234383666303933373636313565613836633733386538
39323830343834643836383662333964363731663566663938373266376666373839343734633761
38373362663762353336323836623562643166336361356166383435373839323939666237613738
61333930623263303335613731383063613037396238383263626562396130333432653263316136
34333833313035666564613139613661366134653731626462366661633733666464623061306263
65623038313034326361356431393965656635313536663330353834643862366133356563366133
36373637343434313033303362376636636432653330326366346365323964306633323461376564
64623166656662626332646465393338303962653034666331626564623336353935376231333465
65383063613530366565376461613564646630656434343931393139613230653533333836393638
61303461383363643362653263653432633565626464393934633466313665333636643339313963
33336332326430363732663136393434666535336536373131383561396333643336336363666464
66363235343664653661643438623263313066333937646434626164373862323464343432646331
64313931626363666363303863353530343830626532383666313634656637353733376633653230
66386664333639666265646466616664666439656666633830626531353239643239646162363637
30393433623135643365323531393661626437333161633730333536303536376665643030623365
64663132633564343135346235643834373633333933363936653266383061653863373634616537
34643966313761356137666137396139353430623562623438613766326334323561343332383138
66623631666661333439343336613438363638663730396265393563396134303032653663353934
32376130616662336337323137343362636431653533626662323133353333373731393137353938
35346130393236653934363036393432306433396432343861363933633236393032616434643433
33656466623931313939643139633633626236363465336231353462656638316637636337643637
63363366323261333434643231303264366462393664636336313835653366663863366537373637
66646162303837333633616433643964636336353863336261626562336539643465656562613863
35396133303936313134613761366266613139373662353966643362653765313338366562386537
34383761666236633966313732653234646131376633396336626430396538613363323130323035
66366165323263383863623238666137663734613165316438336632653336613739303866653738
65653365643130356533386239633139653564623662623132336637353832666131313063313536
35373362623032376261623665363930636361383133643136376335393265383938306566363039
31643165613831376361386265663164326137663431396361366362636335663062666437373735
66353465303264303365623163316239393466353566303534396139376666343366666532623638
33623561383032363635356361623137636465393138616230666534386337373037623434386439
66386464326139653763363466656266663933613333663362333365663230626365653930396535
30383031393435383962373965313038383264653163353562643536313863346231656165386233
39636434653739663936353731373434623430306335653437323461626165666638316263396366
34616461383262323830366137653566393964663630393762316439353564346236376238316231
34376463316333666366646535646362326630623834356564373932656164393033363039316533
39336664613936643836393264393961323530313362396332613465363633656237303133386336
37373131303933626339376536646666666539303630346462316366636232636234616563366538
39366261376638366131656130333538383331643736303132613632316264663931623131666435
65383131623534323838613366363737333333333661353138313464393734376264366263353861
65363735376664316238303838666438346663633736323339336561376264666165623533333963
64326535303733653837303565326662393432303665326364656532373166376239383733313166
39353832376332306361303532623634343535663235333463343531663462363036303536333461
64616365313065646432633163623531356432306339313431313463363161653533393364333838
38383237656265313939336438323663363932343237663664353961396637366432623261303737
63386233653662363535376662303430626336366634343262356437636265396638623138663163
39623332376638323764393236343436613130303939373935313565613162343063613864626134
38383563666232346330323835356535316338356437653636386531373232336630626634363537
62343030353531306663376566373839616164353239353736343237663662353431316331363137
65353262343461343563313739393766323264373162636163626230643335373664613365623630
31653935313163343732323966663735316538666333306264643064613538313130646362383031
32373932636333366633326535363961653764326131326664643632386133613535633666343038
66666137313266616438326262623230343437373263396564613565666130653761613730633630
62623436323036343235633163633135373734313930353132353534636265656333653730343765
35346562326566663463353366343931343732356161623930613562633430313535636434326134
61306665343731373363643363373930383863303063396264323135643963373037663964653739
38383030373162613262626361353930323136343539396635346563653230353163353639646465
65366336663936643730376164323939643536323634333662373332313566656566643036313363
39376338343135643536373462363536353732633534656630353664343031653663613939623138
63353234306434396438613762313565343134343161383964323337303039343034383234346134
36343334356333663436626461383262306433623431323939363862613864313337343636333834
62303832316164313438613363343539663032386234346535653735336135373434633533383635
36336534393938326163616433343732376664623462356632623564376438653333636235636335
62316134356164353932333866306335383737366536333133323237663736303039336663373539
30646537653764643565663338633863373062316665333763316562313233336264336232656630
61373161313432313238356338613433613737623834303261316562623361356465663430346639
39383737323862323334656635623330343239626239386530313030643239626432643031303031
31333365316236303230336166313135366338326332626564636231333139373836663065376461
61323834346164316639316163346432663430313332643235653230356262666262356338306362
33393863393065396232366166393736663834616432633039336362313438313363383335306436
35383063646136336166343738623263303463303433383239353161313431373933306133393836
38353665316438353232356566633834316162613330303063303037393663373639333563346239
39363537396135376531393665343165653538383738316164393966396137613233653763623563
61393330366466633135333965306139353561613431326632646132383938323438376561633236
37623335383166333430663730343836666234613433386636643132653732373236356633333437
32316561313764613939336165373964663366626466303436363330363861353430613263333233
35343332313766313964323337623438363130353535636139653366623837393837376235663537
36373464343231306136326462613835623837393761356233643630663038306463663231613663
32303738363665666237353330316634303165623937386533326438326638333164336663333936
66653061396333313630346330653332643033323737386236346139623531666433643431383636
66323465373338333730343639316331326161623038643133303331613462326636646636393338
31633231613461396337633364353665356639616139633966666465393461613539383666396533
63383430366266373639346539643331396261346538363863323133333632356332653962383465
62323462633237323537303465353862623632336333363836663932656636383364633536353865
32316365316432353638616130366638313738373966356134616534636539653738396537323465
36313966333839383033626631303962386232383365356130343163636361343032663639623439
66376434636637346465336666333063393238613966356637633737386630306639663737393534
64616338383038323230396237383761363963623266353139663362313331616161336535663464
64383662616266373430333366303065373136643432373332633931326638366661643936626266
35613535376566363561346438343463383639316637383362366539303933346463313664646236
37386165306361353939353261626263303663333532363565363732363039656365376338343932
61326232346138643066633939653133393936626265656366623266623330313530666232313838
62396635633166663833626661633332343162326464363838326164363361633837663134353532
34376365353764323938386336653164623162643034303038396535646533613065373163653833
30643636633563623430373233623535346263396534663866366166306537323136313834353537
37633066613665393839396237616433613135616366323937393934623239636364383431326461
65316337396464643736636665666633393536633339353234393936633962356431303732373435
34336339363766623361646638333865313263343437313861656535656230366230313766616336
64303834633933353936393032636262336339396532393438336462633037373361616639343464
36366432383266636239303532346362303434333462353333336137356431313830613934383532
30353065663863363638303664313439343861343435343261366461373234326533333065363863
65303034363738653862343739323635303332353336666434633264396436633731336335333138
34353963316232613234623361323761356331303962376136316563373733343933326562366138
36333663373464316465613438333961356432343238363264616436613131396265373832373662
33623038336164386535373665306164666332346336643166646334396135336164366661646565
35616566616537663265343435613130343666356264303538383632343031666139653266623738
30643462613334333138303664343864313162343665323766666330623261636134316230393466
66306538396162363563323364636530383139343830653837303332623631323566353532336632
66646630316466366430363533363035353835393437333061653739663932626161313366643530
35303834636436643835306632306266633437373661626163376164646363373335636537386539
61616333343239376230306661366663323866346639316261626665666262306561666536313330
30383965643338663462303463343861313831343163343431333238653766316663343139366164
38323736623537643762373030356236363366396661636165666335656562333063373462636639
38306639303237386233346235356464383736376165313361633538373638353661656535396332
62626435346162343033363963346530653031616133663432376532346238383832333961643539
63346237333634666435336463336261653436333834656266646437373364613761363030316438
30313439663738336437373234323838393762643239363731663236336330623439613834643062
65363539313964343263333735616433376233373237646162663937303132353734393839313334
35333035306330346338616439336531623736386330626165616132303633623737363439633062
65393331323530366539303665326230383639633461623937366663386336386261333239616638
36386337653562663764343637653561313439326462363732366330326466643862343464623633
36343131633739623061633661336133396634363333653934303239333136353762386636316233
30623336663665376235663833393532316432343737393637313738356262393634336337393164
64366336623766363765366233623939386335303666653964366463333431623531623465393464
32376363653463333665636234333931393863303332313233363830303237343635663038386665
61306262363533333666366535336439643135323165323062616233363864636161633536306265
33343131663234623339313232643030376332646339333564636466363637386533393232666265
37323130313538626135653031383937653935613034326234373462343533353239316663313432
66306162323239613235626361613438356236383535626331366530396434623537346330653664
38646465613630616362386236393937313135336538346363656236316364613436623564383961
65663165393533346239393236356633656162336432343439633138363032633736336563323362
31343162313338656164616265663835623833303233396266633262616535326338303730363835
36623131366665656334346161656266323863613762363536643638633635303330336235646162
61313133333438376462326232623135363530626637306138623162633830356164623237633864
32373239336137653838316566653832656562303062333130646338643064653333396530313036
35613235303838626665326230646637643836663333313834323938653235383031373335353637
31366164366436346535303634336632303662373764643761623465633530363032653834623461
65363432353365376335623166613330636230376232393033623037303338653161663839376631
65663536613639356433373438366661303033343333663761326166633037626532366235393162
35626632363137653735383836633839396663663863333964376165663064653635386263306361
31383966633939323138663730356565653937373466313165326330326539326533373161326363
66653330313330613361366364643562383935623663356364326139346664383965336566656133
32386665303436393763656362653133626133353464386463666332383062353831343266363638
61313366613262343432623030336431353661393231646539663261363734613732356563613663
62656531393730393436366336313437366631333233343364333161643934363035393531333462
36613932386161353830343464626563326330376465323939343465313739323836356263363235
34343735326664373966303136393538373762396434353630643438386166363637323964366538
39333232306365653965316632623034336639356637353366313337393637656163633161323361
37376237353933316331333162346239633962343530363837373537383065303565306130373234
64306234303639613434353865616162323563623632626362613036386636346265393766313636
37383235303363376666646164303866613733336462653663353832626464383733353361366233
30313363366363396536666535366537303261633237613366613236313733373961666139666463
37396138616430393732386130316463373339373637646632326662386231633732336337663339
66346332323836663136363737383332613562376166646430383166313630373730356431373239
30616538393764656235386464386166626438363365613235313365316364653330653435613066
34393363353334353264323566656464396538303833346266366166353533376363626438663135
65623261393334636536326137636134316265393365393061616461353030656434633666386164
35353866303063656530316330306133303233393230373037333261656536396232346531663439
39636137366538366236646562643134633566363634346139316362646566643530643234656264
33343234643738313464623832373531633661653566653739633731633230323264343362616537
33666136623232393535383364626332353637663565353938316333666166386632323832346362
38653633343765393166343235323234326336313437326436386634636632303362646563363536
33626432643337373464373464626233646266333465653738396534663263346639663766663637
37363533346431313463333334666238623865626164356266656134663533343738353839316632
38656133646130346535336635643861646635343935656138343034313261373135646165376637
64363738616236636336313637336337303762313563386139323038363363366534666431393562
31353361383939633432656135376136303730616135616539356562616663656363356661373032
35623239653665346638376530643034613564313263616435343165616132616539333432646562
31316166323131353837613065356238363864383035353939653239383730393134346438643639
32333835303431396666303238646232306338313937646237356538306366313831343039336431
36653065653063663131613734313039303435653934376530343766613137373532653836633937
31383138333365363335386266323231623637666233613565663038396233343432316662333936
63366631303737353066643233663039386131363731323739623131643262643134633162653131
30646563323530316638663030633831623136643535616166626431316563326438363430633838
38333131396465386135623938643464386533333363623764646461363932373739633731333533
64623839643731363832626532666236666436383265373430343161636634383062363963353962
39303732306261616266336139393761653333623633316636323037313461636532306262633338
36373232356437663039666465363737343766303130326461316231373063333431316166306134
30396135363164626262386235316338333137303237393064643938393038326431653632323864
38616239343431616337303066393939326230353337636238363866643338663061376634376133
66613063323336643837333937306139613236313236616634646234393235306238376330306365
62646663383938636432363533666533356436386135636335326465626564663636653533343132
33383532303465616464346337393562303965373434376666306434303838626236646238386138
36643534386264653864356266356331666535653632326634353337643530656462353332356431
31626531666661623838666164393362626331663736346439383034363331643564633738306130
31643037326437336164363835386534636137616561303536343231623331616338383437643866
31653335313937366461656563313538636330363937653261326134373931343234363830366564
39333361653563343064376632373962653933633661616532386236303865316666333562336139
38353635393235363363356163333032393534323361626237636161383765653265666430643032
64393033653730356536363533623861316333303464316333386263633735383462613737643335
61333661333434303736383232623762666334643832356662333531616562653765653739643530
36336338373263333730363061623239616662313035323665333862313232626535393733366564
37343333336666663931326631663163323938653562656232663765643866633062353334363839
34356339653933626364393435313537373766346330333135626561626463613134383437303630
31346262373362363862366164303266653837303932613131636264303033393335396633616462
65336632393336326335623861363037656631623733303235656364626134643865313230326232
32383234666439323732303063656565663634373630343130386535373838366531363861353866
65333034313439356631323430376365323732623431363337656264373966613239666236666362
33666365643132336534646633623864323634623936356137643733313832613036313232633935
66353436396137633339383730323363636336343139346163643836613231336437653336366332
33663261313261306136373333646435666130643962656631373362623331643033306333643464
32313563326161656333643236336430333661353731623062336537303639656638353837636664
33373234333261383539646435306464306131636163393765626134633039646138313536656565
63633639333262643031323637366564303637346265393131323361356166303765643731396639
32643664646638646466633136626630393065366130656366383936366162653436636262356137
37376663366137333162386431323531373237303230623237353564303464653332313261663766
38323834323034333366386563343035663631623230306233383731616262316163383436613431
37326538633465663365333062353533653466386234306264623937333538343164313132306430
38643163396434303935393233636333313830316237366331313930363863313864643832346336
32656636393436623062663730346230336361333232386161366235613733323763396462376164
33393834363266633938626139373334313530623031363132393731666434386231313034643338
36663366373632396361346139353634643436336439333034353033333434353239343863383464
31323664373131326333633333663038663734353166663037613065643137633732326264383238
63643230633062653736353064366533313439653863383966343335613965306236643764383336
34343165626666333463306432313538666562316464366165643765326234386139623561363430
34613664303966366162646537666364343161393262616233653637366638366135343563366538
34333033326461313430326332373237636239333434613932653639356262653833666534303035
34303364663933313161363038616330626261323966323662633039323737663166303833363862
38346639336633323634636161376236613931643033616163656532656534633534613230326537
34396132323337336362323930346635373130643766353565383730383433313634343036653633
32386635653862623866643466613466393034373735633338353764343262626431303333393662
61306636303731363264313362343761306233646162366634373436303531333235333466656233
65623766363139306265356338656535356431643463336638663365313961623662326165376639
37343965383633653363636435663835623664633130386432393234363435303139346562363265
38386438623130613136393065336339663365363663656335393239613132383366623233386631
62366238353833626434323863313630306538353164306162303732353866323136643138323864
39366431323435613132353063326530353533363963333431326262383365343338656466303666
33363538333264396237323461663438613039326263643930613264326565333134663961633961
33363034306331663564636130623036613833666565633566303462346436316563356530616336
37636332643537386165353639653439353032626330363539353832373232323430303962656661
39623165353031363132343966623633323330313234633035346332363032303737396334666437
37306435386234383064626561626461323565303866393932383634366334396465376661373336
62613932323236653137333564303637636438643463663565613062356236393066663761313766
33626135373139313638383036626333666338333261316331323162363961633530366538663162
39616531623738313936626665363138366566636636366264333532636363343664383834363439
64623865343833346361623261363236333862316435346334343264393038393261636265323636
62353036306230383932633338313338613763633130643863346134396563383263356539386436
39633139393635383664663361343262333566386538393663623138306262303531353161346630
31626237613836326265356261396635346663313531373031653332633533346462626661353363
34316632326130303932313630363332326135346430613963653563383066336434316632386238
30346531303231303939626634626132643139383938336463323639316336333538306539616661
66313365623231353935346566616266356137613161366366373965373531353530363139623762
39653430393239626564383931323662613965646161636330366462663463373432636335396439
63616362633566363961313537636666373035623966626538333237396634336562323163353861
38396232366262616464636233356536373931333861616134646137353636353839613533376562
32353632643636333832393231333639643136616334643438623266663763346565636435616666
31363334643766633437306261316136353761633436376332653362663966363637396162643630
32386661616265373664326539353134313962623136316437386466343162636239326334386466
61666365313139383061356338313339386264393733316330353732633437396363653535616565
34643730653962373633373335366136633730316633396361616562623530383361373635643866
34333463663935656535616663643661323561323564636366316633376132613932383830393331
63326635396532323131626563623632386139633536616561363666643766323264623236613962
66393539663261323634343039333339326237636434383235396230346365333731333330636433
62353332633535373133396638393361643930313630363834303637633835656266343431373964
37373861646634643061643964656638386331343365333633363662326538396133303164356138
63633332343137316635343839346137356634393137616237376638623130313530656266623038
62363736366162346238663435623634353238353730623761376239653661366164633865653434
62626666386431366335323739346561383065633632343138666231333237343836326133633864
34343730313839343062633233323635336435616132383736373439656233313235323235333035
62316531343263653636363031396536393839353838366564336566623636373161313363316361
66373836343831323131363330366166336430343234353236363438363633666135333463313432
36613738653232323061373433313132363666383363626538363962353861663164663830326566
35656131646238396635613466633837623363353535613934623462383866353466303463313937
63623938323038666363633035326139316564393535323535386236323066343733363534633339
32383632656362373035396566643961363330383633383836636566626333373034316465653133
36373337396539386463396262623538336464383135636335353065386139623964376139646438
35326332613066613362383063646136326331623235626561393561316336373039323163663662
30316339373431633037373639383063393036326131383362373766343037393135613866373865
65326132343062376539373636616633393834303238653936316538643434353961613931613966
36353337326466316466656533623639343134663663356265636561396363303030356434653264
37363739643665356562326466663236383866303539373963396637346230636630663766323637
30363031633131306465306637633936643233376132363961643966633434303434663163356537
63643965356663373565636131656563653336643563613431656538363464343933316663303738
62303961346563636462303330326364666566313165643966616630366134373364383761663833
64646161356334636136376631333836356133313039666166653333306137623661646164636133
36666666646332363730373338316336323962626237316236623536643438643965343765303961
31663333386336363535326336646138643763623234366135373635396631383537653534333838
35373235393334343864333461636163626466383131363066313662396538666336343261396566
35323033623962616236656638633239313139633866653435643132343639353230373737366361
39626239356538333630306534643737643161353162616630643239613436373563643163636538
38636238666364306637366237383961306339396566306234643461613038373038613266376435
64663262656130616431393065616665653530343139646335373733653063393738333639336134
33623135633835383134393637303262616431303963623163656330333635616336613635386531
62393633643833383163656632313063353662316564343765373937326130383535353736653361
31643236616264623463393962643236373035366435613038343139646530326466303834333761
65386435323165633362353238336430333966636461373431336438333537346661613630383134
30393330653737653636323734313635396538396366396664336361633265333937363338653064
34343537613331353737343335656238353630633063633963633132353865326433616635663665
63653839313266316564363233303838343131393466633761613962336565343633663336653032
62393365373535343838373033633536646238633631646130343165306131306665353965626262
31343637323163626131346333663038373864346261626536366331623161306661636539343363
33356634623062613462653435633964313561623839633664666138363536383330633563323864
30373136386132373439303865353562633732366231383965306265346665643134313765383265
34383661613338356666336539376637383530363161336433366230376531323461346336353735
64633565626265656538303035626637666131373630373263613036313531313136623835313136
62373365353962393135353465643637346137653764303839363464346632393565303162326531
63366337306131396164356462316531383036323531336136323330383534323538326137366136
32666138636463396634623062326535643866616232623561646537343934363134636532376132
62373734396133616136303037643230653063353563663364366235316130366162353764323531
30306633623563616233313031626366346638633533336636323437666134626261386133303835
64383665323463653162386235383933646666653463316662626565663231383232393230636430
34643935646566643533323934353965653730653735616365666136383532356664656133663035
34306338656539316339346662353561326138313866626562656363623766643530623435326432
66303466313835653764663134633331333661663765623933663831343238613638323335623830
31383435626165396634656332343131313665383534393036633362623666663862663463303034
66396630316534363835396632376639623333363866666438653239636366356533356439353563
63663135333933343834646162303731373235666466356538636533386335653062626133663961
61623536653565663731383265323639323666383862333965313365633561343734386637336262
35643234646439616164653363326361396534373333663865623964623030616132633264633639
63323439666331663236336566396132353933366561393537663038636631326264663738656566
66373539386537646231333637646363633866643233393531306337653734646263346330636430
66653839336137383638643933323930396336313437613037386161613636643537333237663335
66663765326530323430623566396464303832633339356461323837636235373435353135313835
32313032316435333737393163336561623161643164346638346164636539383063346164396533
64633134333337313861656165303039363835646565336639663331346164303133646333343732
38323435633732616335633839646238336635353538393135333763353863323539613265316636
64336562346133653530613333363639626665396132633632653233343564636132333962343363
31313639356233613061323966333731666133333833393833343139626438376434333939613466
32623963666233663264306363623635356338343035343536313831386231663630373036666238
34303465313663656436363565366334613866393432303461363930316334633132623038313838
31376365613461643839663034306339313237383736626633323733363634623364633765323831
65356237646439303038353431316234613533646236393439373237616139663935623161613333
61366238333563636437353031643432326166626132343937353264663662313262336335396632
66323162376264366661306466633936323731386165633866633536383839653366346364326465
36346565343661643730643661643835313764346161363234373635623237636439646433353139
61363661623134633435393332643830613066306362343664643661336130343537363536386136
32333731646637363136333162613332376536653633393434633063646361633665373538336261
35633539373361366266623737373462663865646136323130323032373037336563383234376431
37373138636364396436353863646231336462303939343361393236653965323234336135663362
32616637343465303030643961356232623833353162396638653934623136653438663939633533
62373065336466386336366339306265356633336330643761353836333765633231656563353762
32643162623633303263396439393862656633353062326430363463633065316162333931343266
33363433303530323133306637363539313134383136303964356136356334663366626263303034
61666432653463356339346530303332636134393466653661376566646335643461303330623864
34383235363364336332646530326233663662356430343561663339353661646237376436356534
30383432393236343965373065653734373535343333356637626463353335323836336565306265
66326230376336363363613261346661353562633165393130336233313463323461616462343233
39373334383838393966653564356234623632326364313338663863646134393639343266303036
64376631316537323032356638346566323830386333613733343365663533373831306338613464
36616536303337363339346539653561396133323635643563383366663562396465656430646432
65393361333132626164353433346237356135393432383166353033306532323033333663623835
65643939663661663439636536373663303838616262326236666238653839373438353832333465
30383966633036376264323033393136373536656164383636633439313466663362356566646135
33326533356461343635316131643866333835313936316337626432393236323434343061316238
65376237613832333038323065323537343762323934646263356534316636346363616662626137
66323930343434643032316466663336323031396466376266306639623630643831653939666639
35646139313233643337623864653262646233383261613065613836346633313431386237376265
31346531636266363464623739313838383833643737636436623261623033656136376633323162
39636430373738666436633834316233643731326234623962633762616332633865646564376531
65623161303061643230656461373364363238623163386133333538393239613231386430303430
66656530376230656331353462383034616463623262643533386630613439333063633863373263
37663536633036303766303664343637356236346139663333396534326563643665633835616231
35336334303634643966663865613034366631656632343130323564363835386664363564623535
30366262663134303033633462313132353139666336633931386263386338336338393032643664
35313966383830633830396531356635303736623336336335666166373965333636373436646130
35616139326231306665656564313932663466356134316565346462623961306136653865636531
33653363373835326666353564386163393863353731376637383432383063303736313465353335
61353935653662363863356635663737636261346330623661613863646330313134366536363033
34616431356334613864333139383730353262303937353736376163316132653961326239336162
66663361386261316361333464346266376566393630386665353966663163363662313838626634
64313039316265623538383532353531313435636263623438353834356238393435313862633664
39343730323238373931373466303832386365363665373863616532663032383465353733323838
32613033663935313466646339633536373464386138323262316338643738623434653832623132
39643935366434396562623135383964653261356239656230636532376563313530383331383436
39333037353363636335646136303334366236626161303463643661353662356366356239346166
63613939343764646532636530643736356631623264343831376461373932373765303138633365
64336437346433666439643662636135653739333032343031643232663064643337656435373630
34396431646337653234363361316331623537366333333532376164626339653930613463323737
31366334373263383732303665323733613436666561626638306262363930313732373062313530
62306264313835333864653934373031326230656432353134343364396434326231323033393135
33386266626131646361616530376166373864326330383161313737333966336262636465636363
39336363373334626662336137623639373661616166383863326439393739616162623631396437
37313031356237626532323862333563393330646666393134633134623763346136666566356530
33383630613038653835333937323765323861333763393861373566343965643835333933373061
66356636313563393530333665613230643064303030373631313730633036623164396231363837
39383638643562666166393439646361393764386234313335383130376632616530323262663165
36333232616432373963303365636631316536363532623062313962353363383938363863383239
32363061323961353166663434626164633739316566313861636264326463633837343138636162
62396336393664306633643830313039376439626564383833623430343533656138623565663161
37643861313033323136313933623166323636623735633738633930313366653435303764663266
63306339376532343866623036336165343639353366333061313635366562336161313036363661
38383339633134373166303366376266356132663637383939643366316531306338336632663361
38336537383664383164323635346235633938633337636466313965613334363039353139393466
37343963656434333563343564616435336530363631663730356562316263623531313230313631
36313037633330666638656362613162623137616437666664663230363166343961313837656564
65303863336230346266633732346236373532303334346333663439636430613664346537306138
33313962313338323261623162393036313835643536366435653434653531633261333565633565
61356134646338636639623833383962306231366530313534653166326635376433623439336530
30663961636165643437383632313530326663636131373333363163643536356661653437323861
31613939633033316465653532666539386466326262323337356166313032663937623839313534
36323138383734383135386363356233646662656330346662616231623266313632666639356166
39616636303962623031316431623061333564386637363861633138383439346466613363313664
34326461303564616134363438333432383036633233366262323861613736306265623834636134
64346437353436323334343863353230383763636538643466666661313134353137343961633638
38663964636230346531303061633534363737306462343164386339643133333937656634336333
66353035336236366232366130343930623465376338643133303431303039643130353334646161
66323639613237343066323137353462623736623435643435303631333738613336663338646531
39306637653339326537306363363430376632376664623561666262336563333164666533623732
64393062656433343830353230613763633834353635386661616434636430643535353134373061
64333238363533363161363762383038616630646566633930303039376432633131316638663135
30386665333738633033666364323834393738323338636461366636363538626539626666313330
37333564613862666166623633636661313232633666346461636636333930316631393066663730
64613635656239393230653863383037663066373836326365333163666336303133323034383163
63393535663065653137643961623830396430613261373035663537613130616234363439333238
35343164643534306161346234316336336239383961333735316366613364363162363565326537
38323535303532656363396561333066306630666338353331356639656531643335393466303165
35326461623064636430626631363531363062396634356332643538383033303532313038663461
61306432386132373737623866343737336435346362316631353237326134356231333764666565
39643132663032313931333930646530303639643136613065393965363463643236373262616464
33663734613035343464336563343165663633323539663836393437306161373734383630353766
39626165666363383236303934356432303964396238393063633633646264646639373533366536
35663963343763396137366466383966613438306166366430343437616133636132616336666163
63373765376537626633633732303366376138616337383262616562343032623766633564383063
65393034383130313134643833643035633535393038613064656265313931356331353634316132
31386439626263333139336566613062346533643536336133623637663935353732303166313836
33383635656431623432326436643661316238663963363961646462656361646461623432323737
31633735353333616161613037306531646163396162376338303833343835646334666266353966
66373934383230663934383261653530616662306637656561643161336363633765333138653364
32626161373061306336346561346562366364396464376562646437646261323861353863323562
39653731663437396536373936616134303635303962333565356639653736336535633364663734
37653731363034383665626233653539323432363361626561646336393833376232356633613737
61303166643538343762626463643766633433326232323263363634656539336532646539333064
35623866343239616333613339386534383935336532396263336663323065636662343065636331
32323131386337636439353035363934376332306131376130343866666563376137336630333963
39356561643862646364353437323735326662663438393731356565316439363736393966303264
61323663653666316631663930663865636562356535383130373030386637373363386465396633
34353334343437643262306434663635633337383666386539356366643538346531323432313837
61306264386166373634653031383238303265326434616630666262653164623331333363326561
62343537363461363631326536653962623035636338616465346235656263313265626339643464
34356136623161333230356131633336376136333062376465303939313561396261386139333631
63356336363034656532346266623661323834323132383062623564356234663731386464373063
35313164316564646364663936343432633730363034396464396666653330643730366339333731
33316630666636343639343134633332313037643236303666366266323733616231626530336661
61353563333137333562373939316534623739313062646437303261353338353465303139343634
65336434613136653032636538353962653736346162366535626337363863313934646631613061
32303537653234333234373635313935373339343133613234646431643165633731616432643661
30663632393763346265656565666363323039616532363132613733303263623061633634656538
62316535346366313234343163613639303832363931393465303136626566353139323230623164
31393836343266666465373432346133613566383165616262363661643365326364393438343836
35626530633938373564623766623661386236613464343861636335623734306336646237653732
38626663663533353936303263656531646137626339363734623661333165623666653635386335
64316334616638636134613031646335323663663631323262656566383434313238366334636561
35393233653037323139383331373839323937366237323162613062623562303062393437323134
32353566646364366261633632306539663633313933363736396566326539666135343565366466
30386561356637373634363539383163633034363365343839613439306639303538313335366536
62653633313866363165373833626364636139343966363931653635623061656533366333303364
33303031316365316635396139353832613862306238666663303839373935376436656331323066
63373664396463366332353739386235343639653066633631633866386437363932383135616236
30613132326461623962346432656533653336643236393063396463623961393035353664383730
34633939653036626363333938353864323364613062313138666463326638666334636235336664
35633339376431633962373630383434353765393936313836366239313031613432396663356435
62623733316634613639326262353038616138653864323632313634306630306232333332376461
36313065396330343136396130616138636631306538346538303134316235346137653530613030
33663432656263313561326363393232326266393365396435353864346631393466653838616632
36336530343561636230323936646633393833306665383937643166383765363231376538343637
61323236363433653762303534333434366166656635623930376336366662313163333064633261
63333238356639646265353163396138306664623131336533633163613333643531313663656434
34646633616139646633303566333139303761316338353865323438663763373335306563623633
38366361376530623233626639393236333337653436353636303861653635366138623837656532
38613833376133333234376434303764653531373432636233633833353566396330396638356530
31656263393866653234623562633564353732663837356165313565653230376337613433346636
33663837333362643766643964636231386437323538393139646562613732383333393431376364
66646231343363633637623531313066643737336139653063393835633239666265633536393938
37626537366632373732343536653035386436363938343434323231623139666565353961646564
66363634386663393439333161353466386564393230376237396232386432313937356266366636
63353737626633343038636237396561646535623439373231393138316562376638656336653235
64663163386532626166366439346331623365323062616562353630336133376632613765373934
30356635373134626235666637303462613261623864663163393937333230363934303134316538
32623764643739363166323362386335386234633338363862643332306531373363626631333437
61643064306661656631343464373739336566643035366335633733316330343333383439393763
36616136383464613966306238383166316335346533653339643361613039373234313562643930
61663334306161356163326232643466393761663663653831383166366438353637663036613538
32623631616230663165346461653761383662346434323631366465353931396339663265616333
64306439333263656438613766313230383138323562643031363530636434666537356435636638
63303461623966663965333038386532613930353366346135626665306461376430366233616266
38336362376462353233616162613634333334376433613564326435303864343562386439313632
64656335303263333039623830363639646138353136323830666536663865623862633037343930
33326338616633653836616437396131353762646332623238356332303466353938633735633231
34386332613631303332643730383932393836636330316364393637623762633334333662313062
66666535643936303139646666653238383637663939616133363165306232653737353634633464
36373962313838373138303532313736366539353637353437396333613632363139363638316462
35346661343735343561366334346534613463356464616263303135616365353634396266376135
63363834646465386433643034643566343835306431656533373933653166633539616566356132
31646664353133653831313564646333356636633039386431323030373639333838643162653132
36376165356536623438656131316633336536363933373061306237353738616539386566343838
31323065393963646464666431653633373636653533343330613037323863363461393335343161
64393238353465353037343262626536663364316136656234373165346133363564316136353334
35623037636531393739626339643634663237383731373862633065613366386265366534666364
34633735366133653632393532376362656331326438313064633663323932306161346561303636
34383463386362656531346437393933306233343332336534623633626230366534326264323130
65343930316463363938633936383463323836656334653138343136666232623832656566643964
34623934663465313266373338343037353435323730373965643430626335343830366136393665
63333764383234643161626333306237383433366137366436343161376530633836633331303639
66666362363861663361363934393330343633643336316135383339393431656234653666646465
62616139633564663566393634636265333565346239326164356261643364643837616334653331
61376563333565396337343136353534656336643030623234613662363535393862393637663537
32306234663065393630306265376130613462313937356136383833393264373330373464613135
34643564373563353463393434653762383934313738356632373462666639323165313735346136
32323535353735376563313631653161366436653637343264313535616262623961343765356136
36393835316661343961396232393036306563636439373065313137646330323930343639353838
37373662336362346365616631343139323932303865336436353239303566663930616433663639
65633465303165363631663639313634313138613839393431626364643436643266623534653233
39336139373130366137353537633862316238303563393038393437326666383739613736323361
32333462666163663434383362353265613764323463613163386465616466373131633531653462
33333362343731616437633837373430666131326630653962636535353932333138316637613039
37366365646337316439623131393031343535656334666639373939343661623430366263613666
65653439323035386336356139363730363838653234626465626366306139396630666265633436
33613231646565353932613334333130396139393963393765333332346531396137396439386462
38333761373231626435623133353739656364353462383161316639623763666366356665346462
32393631376433396437373832663334373261323337653230386233623762666230356261376264
32613837313336626538636535353431643466633232383465353339393535633861323930343935
32633764313136643063316163353632393866303461613036633262393661633439653635633664
65386566366138663365653262613139323530313165353939363230396166646635656563353335
36383363616137643232363835623265663933353564313634323765373362353862313339306339
61313030343336623937366565343432333533353439376562666133663833643964333836633861
34396339356130306431383462316236333264633762306238666332646436393966373235323336
62643438343832633466666237363261316633376366613635646630363936356263356134636630
33333930363536373833363164366339656639653362303962666666356437383439396366613939
64613638316238393663623165643562643534613639316137396138326538636362313364646135
64646135633735373437646662303065633536303865613564613132316466623062633237636562
62633162326562666631633939333837643637396335616439386135643532366664303036376339
37663132653233383036626630326532306632626230633263303035353430613633316239626562
31656238633639376335323364643464646336383032666365643030396239333065303038346265
32326431643563633038666465343138666466336664323430303035393839613033363933343761
36316238326336616633626330363662316237383336323638663531393564383738316366353335
66663130656265383833353765396263343035393563343437613839613963356436613863653432
38303063393832376635306366633963383739393836343734623635613636383965623235303339
31623334656537373334333363636435643265653066336437323063363364623638336362303061
36666633663966663033366432343961393735646563313063313237613265343866386235653835
32366131636532376233613165633436633463376232376364633263323237396630613534373438
63633566383465366431636230666530383566366463633339396264666536626333616434313339
31333634393662643266646130333632303632323139316631393333353562303039393065636633
66393163636164393131623835373839383234316334653333356562393865343737643432613165
66353931616530646539316461613365633136643235383131386663643238373664663032393862
39656132353734636136313137663534643830643035316132353864393863653735666438613230
65613764653265653363343039326164656332376435393562336430353437386265386339303066
61373739316530363662663362383561613039353862616438643934663638303438643032326366
31643635646638663663313537383536393064316233333465623632373136386634386432633465
36373534373939656565343331386264643930333065663631353434613936613262623239623964
34663463623036653263653230656535363863646361373830656334626333376565623736343364
61306335303731623330653137323435623066346237383939363937306162353932303632353730
37333831326562633261343631353566326137616135336561366231613133386239653963323534
38633866356161626237313032643839376562386664393565383565303938636165393662373362
36313033313632626533626364656565353163633833316666373966656130643066386464383632
62313366656136343537333463623165613163356530656438396639636234636232306361653761
32393262356339343436363461386233303439656138376637643932333339366564376132306164
63313666613664383231356135313436613262303761613263623863303266393833326463346661
31353630396637663036633935613535666661386637353662306631626338346632316531353138
35356434303636623463376138366165333931303131353934333633323163613062353363616132
61343366383231303238663734313561313331323439376338333330646135326165663634626164
37323735383462633930346464666234643131306431313434663231646136383937636636623632
33366566663833633033323166636231373434316163663165386333383264656638353933376539
32633536333430636161353434346439386264383333316137343935343964323764663461326163
61303631373766616366626131356362393466366537393863623131326238653736363065656338
62343839303661396362323134636466633832393234613132663935343231313738376432623465
66643234383133363039326332346334663766303939333834386366663632353133353430613235
34363638356438313331653538353338643464656365303630313234326563636634653734616331
63653936656465353137643766323830643331356536393364636531333532613832633761373037
66323034306261373965636536613864356231303162643134653762646235313536343631663266
35623832646231653335626334323565653863326138356162346431376361333566343264643265
30373637666232306433623531313133643433373632663964646132373638653335303464366162
61666630336661643431356630383839373435643131323563663535363536306363323164386135
65383866643138633533633862396165666363346661376539306463396262633163303562393239
35363535363336653065656430373864396564373839323765656663303134656531303430613739
38656635393835656562653363643262316538666563653263323664373539646162376137386234
35656233383133303762346537666237373266656236393061666133633766613436376433353335
63353362373663373665316537306637393865396132376237623638356237623237636236653134
30383836656132356162343266666261643863386636633731613362346235633539386339373566
62376166316163343235353232396538323335666662383632383763336462306635613966623035
62343632313538656638336262633635346263383964306536346462343233373665666534393936
62616233366330353633626537346133346463326661666166393631356333353562363638636334
65343235643733623539653666396436653263383566383862323532373431626637303764343032
64386131633062373531366134303035643266306166343962663033363536353834366164653564
65343763666162633731623964353065313363656234396330663835333630633765633064663735
39326333643365396437623934616334376333646638356532336132616537643065396662323164
61363432376432643361326330326166643664353134323834666530376337663533373635363836
38653763346361303566366563663863323430306536653033333266666130353737623131653032
66303337616630363534633938383535663933316363653564623963646365363231653631383864
39353966333661366238343562303361353335363132366336343339643532353236656364323433
64386563326565623931333264663531613663313061363333313938343864396162663137353336
66633930663432633763633333636266346236303564616363363731656235633961663035643137
30623431333730313531636438376234303534323036643130363934333166313965396262666566
33656530626364346532363135333139626230366666373563343035396231333133376262613037
35636237316464343066323033383365616363323138313765623730663161363139386131383235
34316532363535323563333034373232343630386463313330343665653637383630323932306261
65393933633162333833383435386266643438303163376463613962346631373331326539393630
32363763663939323063333832386438373439653037373638646162393133663834616663666431
39373837363766383132666666396361353730356636353766316362323734393164646639356430
32323939663536366161393461323238653633383766653239333964616265313435373062663062
38653430343638663361363933633935623639643533373433626233396163376239663466653636
61373066386435353961366465643136623036646665613338313437313565373739343734663332
33643135373965663561376538643236303335396334616134383564613533363431303032623662
62393065386639343731613830643637613334626230633431353930393863616461373961353630
36346633376362663439313866636231333539666333363233646165343666366536353631613238
65353463333434323861383032626663666562616336636234656436323638303232383333643564
36626130333532633762666136656534383639383938393230633139353236613136656135646236
39616538346333363238636433646363376565396239323564636463323965306365346266313837
39356131383662656266666466363930613633383636396639643131393132643432656561386139
32656133363031616438313139323735306534666530383162643665646437353335633563623635
36663161303634656233303736643738623931346633323236353164333935343261313466646439
64363732623930343239616262316164633035333332326434353133356631626535646336306632
61316561643631396330666532666530313634383235643561656463656662376332626639343734
38366466306664653166646530343032353334336166633430343065613366326532356332373130
65666461373762613735376464613861626436363635633531323665313330663335353438653031
62616134656135366435373463386161313730313734313731336366363464393437346165656566
31336330623162636330633165333563646363623932396431646335303061346536396666613435
63616237363362356638386232613865336538346264646664656239616461316338346631326564
37633837613039636338633462333464356434346130633530626630636466336236353066613236
36363732316337383231626437653866326362326435373535376337646437323538303232366233
30333631393636393438393337336238643763356436393534363133303233353839646364646565
35346461613239313361663436306134376437666432646465346133376235636365613233346463
62343262363638386361376133336263313336303034316431373232663561386436383032623332
64373066616661636538633830363964383532306535623132316538656131393536306464623032
36623832386463626236636561383239643165356538333163666636626430386564303062323034
36346339636264316162646366326536323462343634376335393861373862616636623763376138
36346465376161613836303566386633333633333561636665616436316637396630666630366266
35313963663031663063326565626434363261646263383936626235373061616230346366343033
39336639353638353432386639626131633435353863326439363366633630626666626265356230
33663238326437623938613038616466313039376564376563616139663331316366303836613162
36643536303130656232
