$ANSIBLE_VAULT;1.1;AES256
30316135326236653538383761346263383665333639646661653732383231313833353065373436
3333666266373565326364623135393735353135326463330a313435313034313939346534633433
66633164386134663233306435633661653333323064333539363163323439316563623532346666
3236313965356465390a656131653261663831623639616536666563303031633365356564653539
65383835636432373063646362636333323031353832306362336437373565313061636563616538
38316339313635356264626332626563363165336634356562363563383430636361326337633439
66326238323862386234323134626337306330363137303433636337333635663263656537363065
62336431306464623334383564623363333236336236306461313462643636316436303835396132
32663466343636666138323533653833323766663233383966306364643937393735616537333532
65313732346365373862383136616539616532663862396338386664646462656336376132613763
39323936633435656663336633336538663533336137346266333039623438306465383763396637
65303436303736643933373661613837393066346634373435626132343661323364383565633036
35353562623931613632663262396130636530396562383932623263373730666466303737646237
64323562363236313265356235313262346334646536636337326162303165333135356539386361
35633637326331616634383335633630636266396562656239346135643663613534323534653633
36333837323735343939303634633764363866663266613466356565333038363339393432396138
32346663323537343136313332373062613961613939306535303033353063343630626332396661
6231363838373335386637613430353535393737353634343666
